1520530731.450020313 0.0000
1520530731.500021219 2.6609
1520530731.550009966 5.1061
1520530731.600011110 6.4714
1520530731.650012016 5.8633
1520530731.700013876 4.2203
1520530731.750015974 2.8370
1520530731.800016880 2.4384
1520530731.850101948 2.7087
1520530731.900019884 5.2201
1520530731.950036049 9.8418
1520530732.000037193 11.4681
1520530732.050039053 9.8660
1520530732.100039959 9.5348
1520530732.150042057 9.6399
1520530732.200043917 9.0763
1520530732.250044823 8.7541
1520530732.300047159 7.2847
1520530732.350048065 7.6303
1520530732.400058270 9.1767
1520530732.450059175 10.5999
1520530732.500061512 11.9043
1520530732.550063372 11.3632
1520530732.600064278 10.6595
1520530732.650066376 10.1967
1520530732.700067282 10.1039
1520530732.750069618 9.3799
1520530732.800092936 8.4788
1520530732.850094080 8.4467
1520530732.900095940 8.7240
1520530732.950096846 9.5588
1520530733.000099182 9.8138
1520530733.050099850 9.0990
1520530733.100101948 8.4224
1520530733.150104046 7.8594
1520530733.200103760 7.0584
1520530733.250105858 5.9906
1520530733.300106764 5.1839
1520530733.350112677 5.0489
1520530733.400109768 5.5556
1520530733.450195789 7.3327
1520530733.500113010 10.8559
1520530733.550114870 15.0873
1520530733.600102663 0.6068
1520530733.650104523 0.7418
1520530733.700105429 0.6658
1520530733.750107765 0.6119
1520530733.800109625 0.6421
1520530733.850110531 0.5714
1520530733.900112629 0.5456
1520530733.950113535 0.4926
1520530734.000144958 0.5746
1520530734.050145864 0.4910
1520530734.100147724 0.5455
1520530734.150148869 0.5091
1520530734.200150728 0.5403
1520530734.250152588 0.5338
1520530734.300153971 0.5153
1520530734.350155830 0.5169
1520530734.400153160 0.5330
1520530734.450154305 0.5592
1520530734.500156164 0.5378
1520530734.550158024 0.5604
1520530734.600159168 0.5579
1520530734.650161266 0.5900
1520530734.700161934 0.5380
1520530734.750163317 0.5315
1520530734.800165176 0.5335
1520530734.850171328 0.4953
1520530734.900172472 0.5201
1520530734.950177431 0.5299
1520530735.000175714 0.5086
1520530735.050265551 0.5153
1520530735.100178480 0.5148
1520530735.150180578 0.4837
1520530735.200181484 0.5116
1520530735.250203133 0.5260
1520530735.300204039 0.5399
1520530735.350206137 0.5326
1520530735.400208235 0.5288
1520530735.450209141 0.5062
1520530735.500211239 0.5249
1520530735.550212145 0.5181
1520530735.600214005 0.5224
1520530735.650176287 0.4898
1520530735.700178146 0.4528
1520530735.750179291 0.4669
1520530735.800181150 0.5305
1520530735.850183249 0.5831
1520530735.900184393 0.7016
1520530735.950186253 0.7393
1520530736.000188351 0.9139
1520530736.050192118 0.9730
1520530736.100193024 0.9662
1520530736.150193930 1.0086
1520530736.200196028 0.9971
1520530736.250198126 1.0059
1520530736.300199270 0.9605
1520530736.350200176 1.1454
1520530736.400202036 1.1225
1520530736.450247765 0.9751
1520530736.500248909 0.9736
1520530736.550254822 0.9674
1520530736.600251675 0.9437
1520530736.650343657 0.9497
1520530736.700254679 0.9445
1520530736.750256538 1.0727
1520530736.800257683 1.1009
1520530736.850259781 1.0845
1520530736.900250196 1.1172
1520530736.950252295 1.0720
1520530737.000254154 1.0320
1520530737.050255060 1.0285
1520530737.100257397 1.0268
1520530737.150258064 1.0387
1520530737.200260162 0.9710
1520530737.250261307 1.0032
1520530737.300258875 1.0054
1520530737.350260735 0.9512
1520530737.400261879 0.8484
1520530737.450263739 1.0071
1520530737.500264645 0.9479
1520530737.550266981 0.9190
1520530737.600268841 0.8276
1520530737.650269747 0.6983
1520530737.700183392 0.6538
1520530737.750184298 0.6121
1520530737.800186157 0.7590
1520530737.850187302 0.9485
1520530737.900189161 0.9642
1520530737.950191021 1.0699
1520530738.000192165 1.0826
1520530738.050194263 1.1219
1520530738.100307703 1.0676
1520530738.150314808 1.0064
1520530738.200310707 0.9240
1520530738.250403643 0.9008
1520530738.300313711 1.0527
1520530738.350315809 1.0781
1520530738.400316715 1.1550
1520530738.450318575 1.2201
1520530738.500566959 1.2035
1520530738.550567865 1.1431
1520530738.600570202 1.1632
1520530738.650571108 1.1284
1520530738.700572968 1.1191
1520530738.750574112 1.0767
1520530738.800575972 1.0673
1520530738.850576878 1.0771
1520530738.900221348 0.8219
1520530738.950223684 1.0063
1520530739.000224590 0.9899
1520530739.050226450 1.0659
1520530739.100227594 1.1497
1520530739.150229454 1.0948
1520530739.200231314 1.0982
1520530739.250232458 1.1538
1520530739.300234556 1.0978
1520530739.350118637 1.0167
1520530739.400120497 0.9314
1520530739.450122595 1.0334
1520530739.500123739 0.9718
1520530739.550125599 1.1073
1520530739.600126743 1.1800
1520530739.650128603 1.0578
1520530739.700129509 1.0573
1520530739.750310898 1.0018
1520530739.800312996 0.8066
1520530739.850406170 0.8815
1520530739.900316000 0.9746
1520530739.950318098 0.9902
1520530740.000319004 0.9844
1520530740.050321102 1.0149
1520530740.100322008 1.0794
1520530740.150481224 1.0172
1520530740.200483322 1.0010
1520530740.250484228 0.9767
1520530740.300486088 0.9637
1520530740.350487232 1.0530
1520530740.400489330 1.0766
1520530740.450489998 0.9990
1520530740.500492334 1.0653
1520530740.550278187 1.0133
1520530740.600280046 0.9994
1520530740.650281906 1.0099
1520530740.700283051 0.9919
1520530740.750285149 0.9810
1520530740.800287008 1.0018
1520530740.850288153 1.0490
1520530740.900290012 0.9921
1520530740.950431824 1.0366
1520530741.000432730 0.8404
1520530741.050434589 0.8930
1520530741.100435734 0.8773
1520530741.150437593 0.9971
1520530741.200438499 0.9961
1520530741.250440598 1.0380
1520530741.300441504 0.9615
1520530741.350636959 0.9503
1520530741.400638103 0.8547
1520530741.450728178 0.9054
1520530741.500641108 1.0406
1520530741.550643206 1.0366
1520530741.600644112 1.1319
1520530741.650645971 1.1458
1520530741.700647116 1.1022
1520530741.750648975 1.0255
1520530741.800464153 0.9443
1520530741.850465298 0.8026
1520530741.900467157 0.8603
1520530741.950468063 0.7984
1520530742.000470161 0.8625
1520530742.050471067 1.0073
1520530742.100473166 1.0602
1520530742.150475264 1.0568
1520530742.200338125 1.0186
1520530742.250339985 1.0438
1520530742.300341129 1.0717
1520530742.350343227 1.0600
1520530742.400345087 1.0570
1520530742.450346231 0.9525
1520530742.500348091 1.0840
1520530742.550350189 1.1297
1520530742.600603819 1.0134
1520530742.650604725 0.8561
1520530742.700606823 1.0597
1520530742.750608921 1.0694
1520530742.800609827 1.0997
1520530742.850611687 1.1754
1520530742.900612831 1.1829
1520530742.950614691 1.1991
1520530743.000436783 1.1307
1520530743.050522566 1.2673
1520530743.100439548 1.0667
1520530743.150441647 1.0585
1520530743.200442553 1.1100
1520530743.250444889 0.9053
1520530743.300445795 0.9980
1520530743.350447655 0.9133
1520530743.400276661 0.7938
1520530743.450277805 0.8973
1520530743.500279903 0.9553
1520530743.550281048 0.9010
1520530743.600282907 0.8789
1520530743.650283813 0.8455
1520530743.700285912 0.9095
1520530743.750287771 0.9517
1520530743.800288677 0.9813
1520530743.851239920 0.0000
1520530743.901240826 0.0000
1520530743.951242685 14.4628
1520530744.001243830 0.0000
1520530744.051246881 0.0000
1520530744.101247787 0.0000
1520530744.151248932 0.0000
1520530744.201250792 8.6490
1520530744.251205206 0.0000
1520530744.301206112 0.0000
1520530744.351207972 10.6582
1520530744.401209116 0.0000
1520530744.451210022 0.0000
1520530744.501211882 0.0000
1520530744.551213980 0.0000
1520530744.601214886 0.0000
1520530744.651044369 0.0000
1520530744.700966120 16.3230
1520530744.750968218 0.9664
1520530744.800969124 1.0997
1520530744.850971222 1.0504
1520530744.900972366 1.1545
1520530744.950974226 1.0893
1520530745.000976086 1.2028
1520530745.051078081 1.0578
1520530745.101080179 1.0200
1520530745.151081324 0.9427
1520530745.201083183 1.0273
1520530745.251084089 1.0073
1520530745.301086187 1.0046
1520530745.351088047 0.9813
1520530745.401088953 0.9637
1520530745.451043129 1.0165
1520530745.501044035 0.9996
1520530745.551045895 1.0343
1520530745.601047993 1.0310
1520530745.651048899 1.0348
1520530745.701051235 1.0916
1520530745.751053095 0.9930
1520530745.801054001 0.9716
1520530745.850826025 0.8781
1520530745.900828123 0.9676
1520530745.950829983 0.9549
1520530746.000830889 0.9627
1520530746.050833225 0.9621
1520530746.100834131 0.9264
1520530746.150839090 0.8844
1520530746.200837135 0.9703
1520530746.250910282 1.0639
1520530746.300487280 0.9921
1520530746.350489140 0.8920
1520530746.400490284 0.8951
1520530746.450492144 1.0471
1520530746.500493288 0.9505
1520530746.550495148 0.9836
1520530746.600497246 0.9900
1520530746.650498390 1.0665
1520530746.700510263 1.1236
1520530746.750511408 1.1108
1520530746.800513268 1.1231
1520530746.850514174 1.0927
1520530746.900516272 1.1340
1520530746.950518370 0.9117
1520530747.000519276 0.7691
1520530747.050521374 0.9635
1520530747.100689173 1.0271
1520530747.150691271 1.0789
1520530747.200693130 0.9508
1520530747.250695229 1.0601
1520530747.300696373 1.0059
1520530747.350697279 0.9189
1520530747.400699139 0.9466
1520530747.450701237 0.9898
1520530747.501333475 0.0000
1520530747.551335335 0.0000
1520530747.601336479 25.7985
1520530747.651339531 0.8309
1520530747.701339483 0.9798
1520530747.751341581 1.0084
1520530747.801342487 0.9984
1520530747.851408482 1.0345
1520530747.901266336 1.0414
1520530747.951268673 1.0098
1520530748.001269579 1.0500
1520530748.051271439 1.1682
1520530748.101272583 1.1803
1520530748.151274443 1.1446
1520530748.201276302 1.1514
1520530748.251277685 1.1481
1520530748.300789595 1.1465
1520530748.350790501 0.9639
1520530748.400792360 1.0477
1520530748.450793505 1.2404
1520530748.500795364 1.1835
1520530748.550797224 1.2353
1520530748.600798368 1.0848
1520530748.650800467 1.1530
1520530748.700801611 1.0440
1520530748.750571012 1.0108
1520530748.800571918 1.0542
1520530748.850573778 1.0186
1520530748.900576115 1.0381
1520530748.950576782 1.1407
1520530749.000578880 1.2056
1520530749.050580978 1.1776
1520530749.100584984 1.2383
1520530749.150922537 0.0000
1520530749.200923681 0.0000
1520530749.250924587 13.3861
1520530749.300926447 26.0068
1520530749.350927591 0.8011
1520530749.400929451 0.8671
1520530749.450988531 0.8918
1520530749.500932693 0.9511
1520530749.551299334 1.0105
1520530749.601300240 0.9750
1520530749.651302338 0.8381
1520530749.701303244 1.0750
1520530749.751305103 1.0988
1520530749.801307440 1.1322
1520530749.851308346 1.1042
1520530749.901310205 1.1606
1520530749.950998783 1.2336
1520530750.001000643 1.1437
1520530750.051001787 1.0695
1520530750.101003885 1.0208
1520530750.151004553 1.0332
1520530750.201006889 1.0241
1520530750.251008749 1.0028
1520530750.301009893 1.0206
1520530750.350639105 0.9954
1520530750.400640965 0.8992
1520530750.450642109 0.8860
1520530750.500644207 1.0076
1520530750.550644875 1.0046
1520530750.600647211 1.1345
1520530750.650648117 1.1042
1520530750.700654030 1.1167
1520530750.750652075 1.1653
1520530750.800614834 0.9392
1520530750.850617170 0.9460
1520530750.900618076 1.1264
1520530750.950618982 1.1119
1520530751.000621080 1.1102
1520530751.050668955 1.1162
1520530751.100623846 1.1896
1520530751.150625944 1.1291
1520530751.201260090 0.0000
1520530751.251261950 0.0000
1520530751.301262856 0.0000
1520530751.351264954 0.0000
1520530751.401267052 0.0000
1520530751.451268196 0.0000
1520530751.501270056 0.0000
1520530751.551270962 0.0000
1520530751.601708174 21.1880
1520530751.651709080 1.0075
1520530751.701711178 1.0151
1520530751.751712322 1.0622
1520530751.801714182 1.1112
1520530751.851716042 1.1502
1520530751.901717186 1.0998
1520530751.951719284 1.0654
1520530752.001096249 0.9934
1520530752.051097155 0.8108
1520530752.101099253 0.8535
1520530752.151101112 0.9499
1520530752.201102018 1.0258
1520530752.251103163 1.0807
1520530752.301105261 1.0161
1520530752.351107121 1.0633
1520530752.401229382 1.0383
1520530752.451231480 1.0940
1520530752.501233339 1.1507
1520530752.551233530 1.0749
1520530752.601235390 1.1522
1520530752.651273489 1.1662
1520530752.701238632 1.1807
1520530752.751240492 1.1968
1520530752.801898479 0.8761
1520530752.851900339 0.9533
1520530752.901901484 1.0995
1520530752.951903582 1.0770
1520530753.001905441 1.1453
1520530753.051906586 1.1624
1520530753.101908445 1.1968
1520530753.151909351 1.1648
1520530753.201911449 1.0940
1520530753.251553535 1.1982
1520530753.301555634 1.2041
1520530753.351556540 1.0427
1520530753.401558638 1.0362
1520530753.451560736 1.1798
1520530753.501561642 1.0878
1520530753.551563501 1.0340
1520530753.601565599 1.0437
1520530753.651035309 0.8981
1520530753.701037407 0.8958
1520530753.751039505 1.0778
1520530753.801040411 0.8690
1520530753.851041555 1.0233
1520530753.901043415 0.9630
1520530753.951045275 1.0866
1520530754.001046419 1.0479
1520530754.051765203 0.0000
1520530754.101767063 0.0000
1520530754.151767969 2.5394
1520530754.201770306 4.0839
1520530754.251797199 5.2325
1520530754.301773310 6.8828
1520530754.351775169 8.2152
1520530754.401776075 9.0374
1520530754.451720476 8.3461
1520530754.501721382 9.2624
1520530754.551723242 10.9424
1520530754.601725340 13.4700
1520530754.651726246 16.0395
1520530754.701728344 1.0111
1520530754.751729488 0.9257
1520530754.801731348 0.9687
1520530754.851698637 1.0567
1520530754.901700974 1.0052
1520530754.951701641 1.0363
1520530755.001703739 1.0095
1520530755.051705837 1.0832
1520530755.101706743 1.2364
1520530755.151708603 1.1874
1520530755.201710939 1.1253
1520530755.251591444 1.0352
1520530755.301592350 1.0052
1520530755.351593256 0.9630
1520530755.401595354 1.1102
1520530755.451596260 1.1340
1520530755.501598358 1.1398
1520530755.551599264 1.0582
1520530755.601601362 1.0681
1520530755.651602507 1.1368
1520530755.701246500 1.1295
1520530755.751247644 1.1305
1520530755.801249504 1.1404
1520530755.851266623 1.1650
1520530755.901252508 1.2082
1520530755.951254606 1.2955
1520530756.001255512 1.2245
1520530756.051257610 1.3094
1520530756.101238966 1.2939
1520530756.151241302 1.1651
1520530756.201243162 1.0651
1520530756.251244068 1.0797
1520530756.301246166 0.9634
1520530756.351247072 1.0182
1520530756.401248932 1.0193
1520530756.451250076 1.0675
1520530756.501374722 1.0378
1520530756.551376820 0.8851
1520530756.601377726 1.0634
1520530756.651379824 1.0808
1520530756.701380968 1.1436
1520530756.751382828 1.0681
1520530756.801383972 1.1266
1520530756.851385832 0.9807
1520530756.901524305 1.1873
1520530756.951526165 0.7107
1520530757.001527071 0.9436
1520530757.051529169 1.0278
1520530757.101530075 1.0833
1520530757.151530981 1.0221
1520530757.201533079 1.0682
1520530757.251533985 0.8974
1520530757.301300287 0.8587
1520530757.351301432 0.9523
1520530757.401303291 0.8839
1520530757.451311350 0.9672
1520530757.501306295 0.9812
1520530757.551308393 0.9867
1520530757.601309299 0.9622
1520530757.651311398 1.0440
1520530757.701312304 0.9544
1520530757.751027346 0.9905
1520530757.801029444 0.8903
1520530757.851030350 1.0318
1520530757.901032448 1.0336
1520530757.951033354 0.9669
1520530758.001035213 0.9970
1520530758.051036358 1.0672
1520530758.101038218 0.9875
1520530758.151144505 1.1548
1520530758.201146364 1.0539
1520530758.251148224 0.9722
1520530758.301149368 1.1113
1520530758.351151466 1.0758
1520530758.401153564 1.1392
1520530758.451154470 1.1243
1520530758.501156330 1.1805
1520530758.551586628 1.0302
1520530758.601588726 0.9551
1520530758.651589632 0.8942
1520530758.701591492 1.0011
1520530758.751592636 0.9641
1520530758.801594734 1.0489
1520530758.851596832 1.0075
1520530758.901597738 1.1577
1520530758.951488256 1.0890
1520530759.001489162 1.0511
1520530759.051491261 1.1179
1520530759.101492167 1.0218
1520530759.151494026 1.0312
1520530759.201495409 1.0390
1520530759.251497269 0.9188
1520530759.301498175 1.0240
1520530759.351664305 0.9378
1520530759.401666403 1.0175
1520530759.451667547 1.0980
1520530759.501669407 0.9211
1520530759.551670313 0.9826
1520530759.601672411 0.8929
1520530759.651673317 0.8712
1520530759.701675177 0.9260
1520530759.751602173 0.9849
1520530759.801604271 0.9731
1520530759.851606369 0.8659
1520530759.901607275 0.9474
1520530759.951609373 0.9594
1520530760.001610279 0.9359
1520530760.051612139 0.9988
1520530760.101613283 1.0741
1520530760.151616335 1.0911
1520530760.201535225 0.9780
1520530760.251537085 0.9941
1520530760.301537991 1.0588
1520530760.351539135 1.0020
1520530760.401541233 0.9674
1520530760.451543093 1.0007
1520530760.501544237 1.0676
1520530760.551546097 0.9772
1520530760.601489305 1.0209
1520530760.651491642 1.0171
1520530760.701492548 1.0393
1520530760.751494408 0.9541
1520530760.801495552 0.9877
1520530760.851497412 0.9531
1520530760.901498318 1.0316
1520530760.951500654 1.0173
1520530761.001376867 1.1022
1520530761.051378012 1.0345
1520530761.101379871 1.0576
1520530761.151381016 0.9855
1520530761.201382875 1.0326
1520530761.251383781 0.9624
1520530761.301385880 0.9840
1520530761.351386786 0.9400
1520530761.401249647 0.8862
1520530761.451251507 0.9236
1520530761.501252651 0.9225
1520530761.551254511 0.9217
1520530761.601256371 0.9368
1520530761.651258707 0.8979
1520530761.701259613 0.9661
1520530761.751261711 1.0128
1520530761.801129580 0.9855
1520530761.851130486 0.9371
1520530761.901133537 0.8936
1520530761.951133490 0.9680
1520530762.001135349 0.9505
1520530762.051136494 0.9648
1520530762.101138353 0.9422
1520530762.151140451 0.9045
1520530762.201313734 0.8436
1520530762.251318693 0.8293
1520530762.301316977 0.8573
1520530762.351318836 0.8668
1520530762.401319742 0.8630
1520530762.451321840 0.9308
1520530762.501322746 0.9518
1520530762.551324606 0.9585
1520530762.601326942 0.9204
1520530762.651530981 0.9753
1520530762.701532841 0.9432
1520530762.751533985 0.9972
1520530762.801536083 0.9495
1520530762.851536989 0.9488
1520530762.901539087 1.0029
1520530762.951539993 1.0204
1520530763.001541853 0.9793
1520530763.051559210 1.1205
1520530763.101560116 1.0488
1520530763.151561975 1.0112
1520530763.201564074 1.0429
1520530763.251564980 1.0686
1520530763.301567078 1.0272
1520530763.351568222 1.0309
1520530763.401570082 1.0570
1520530763.451561451 1.0694
1520530763.501562357 1.0990
1520530763.551564455 1.0585
1520530763.601565361 1.0975
1520530763.651566267 1.0673
1520530763.701569557 0.9663
1520530763.751570463 0.9654
1520530763.801571369 1.0253
1520530763.851452351 1.0063
1520530763.901453257 0.9347
1520530763.951455116 0.9253
1520530764.001456499 0.9803
1520530764.051458359 0.9738
1520530764.101459265 1.0082
1520530764.151461363 0.9886
1520530764.201463223 1.0350
1520530764.251481295 1.0216
1520530764.301483154 1.0422
1520530764.351484060 1.0766
1520530764.401486397 1.1880
1520530764.451487303 1.1968
1520530764.501489162 1.1086
1520530764.551490307 1.0687
1520530764.601492167 0.9593
1520530764.651494026 1.0107
1520530764.701715469 0.8445
1520530764.751717329 1.0451
1520530764.801719189 0.9444
1520530764.851720333 1.0256
1520530764.901721239 1.1377
1520530764.951724291 1.0221
1520530765.001725435 1.1685
1520530765.051727295 1.0732
1520530765.101763248 0.9587
1520530765.151765347 0.9217
1520530765.201766253 0.9266
1520530765.251767397 0.9907
1520530765.301771164 0.9948
1520530765.351771116 1.0213
1520530765.401772261 0.9989
1520530765.451774120 1.0279
1520530765.501667500 0.8641
1520530765.551565647 0.7938
1520530765.601566553 1.0127
1520530765.651568651 0.9450
1520530765.701569557 0.9006
1520530765.751571417 0.9652
1520530765.801573515 0.9208
1520530765.851574421 0.8874
1520530765.901345491 0.8431
1520530765.951346397 0.9071
1520530766.001348495 0.8918
1520530766.051349401 0.9086
1520530766.101351500 0.9424
1520530766.151352644 0.9196
1520530766.201354504 0.9830
1520530766.251356363 0.9430
1520530766.301371336 1.0428
1520530766.351373672 0.9942
1520530766.401375532 1.0148
1520530766.451376438 1.0784
1520530766.501378536 1.0503
1520530766.551379442 1.0467
1520530766.601381302 0.9902
1520530766.651382446 0.9541
1520530766.701833963 0.9327
1520530766.751835823 0.8629
1520530766.801836967 0.8766
1520530766.851839066 0.9861
1520530766.901840925 0.9548
1520530766.951842070 0.9709
1520530767.001842976 0.9181
1520530767.051844835 1.0013
1520530767.101938009 0.9785
1520530767.151878357 0.9526
1520530767.201879263 0.9609
1520530767.251881361 1.0143
1520530767.301882267 0.9361
1520530767.351884365 0.9887
1520530767.401886463 0.9697
1520530767.451887369 0.9781
1520530767.501889467 1.0468
1520530767.551857233 1.0782
1520530767.601859331 1.0079
1520530767.651860237 0.9608
1520530767.701862097 1.0057
1520530767.751863241 1.0484
1520530767.801865101 1.0832
1520530767.851867199 1.0047
1520530767.901869297 0.9837
1520530767.951935530 1.0057
1520530768.001936674 1.0594
1520530768.051939487 0.8724
1520530768.101940393 0.8838
1520530768.151941538 0.9752
1520530768.201943636 0.9536
1520530768.251944542 0.9710
1520530768.301946640 0.8529
1520530768.351885796 0.8703
1520530768.401886702 0.9993
1520530768.451888561 1.0084
1520530768.501889706 0.9199
1520530768.551891804 0.9683
1520530768.601892948 1.0237
1520530768.651894808 1.0266
1520530768.701976776 1.1047
1520530768.751810551 1.0114
1520530768.801811695 0.9890
1520530768.851813555 1.0252
1520530768.901814461 0.9985
1520530768.951816797 0.9929
1520530769.001818657 0.9407
1520530769.051819563 0.9616
1520530769.101821661 0.9411
1520530769.151822567 0.9988
1520530769.201870441 0.9568
1520530769.251871347 1.0202
1520530769.301873207 0.9939
1520530769.351875305 1.0007
1520530769.401876211 0.9726
1520530769.451878309 1.0576
1520530769.501879215 0.9870
1520530769.551881313 1.0731
1520530769.601849556 1.0142
1520530769.651851416 1.0451
1520530769.701853752 1.0835
1520530769.751854658 1.0027
1520530769.801856756 1.0393
1520530769.851858616 1.0135
1520530769.901859522 1.0291
1520530769.951861858 0.9285
1520530770.001660585 0.9860
1520530770.051661491 0.9847
1520530770.101663589 1.0236
1520530770.151665688 0.8857
1520530770.201667547 0.9229
1520530770.251668453 0.8893
1520530770.301736593 0.9135
1520530770.351671457 0.9771
1520530770.401531935 0.9609
1520530770.451533794 0.8643
1520530770.501534939 0.9338
1520530770.551536798 0.9120
1520530770.601538897 0.9893
1520530770.651540041 0.9043
1520530770.701541901 0.9407
1520530770.751542807 1.0068
1520530770.801611423 0.9264
1520530770.851612329 0.9084
1520530770.901614666 0.9142
1520530770.951616526 0.9240
1520530771.001617432 0.9681
1520530771.051619530 0.8885
1520530771.101620436 0.8186
1520530771.151622295 0.8259
1520530771.201895714 0.7989
1520530771.251897573 0.8067
1520530771.301899672 0.8906
1520530771.351901770 0.9841
1520530771.401902676 0.9093
1520530771.451904774 0.9906
1520530771.501905680 0.8608
1520530771.551911592 0.8649
1520530771.601908684 0.9228
1520530771.651878119 1.0085
1520530771.701879978 0.9832
1520530771.751882315 1.0883
1520530771.801883221 1.1192
1520530771.851885080 0.9785
1520530771.901942015 1.1333
1520530771.951888084 0.9948
1520530772.001888990 1.1938
1520530772.051866770 1.0837
1520530772.101867676 1.0266
1520530772.151869774 1.0538
1520530772.201871872 1.0519
1520530772.251872778 1.0220
1520530772.301874638 1.0851
1520530772.351875782 1.0496
1520530772.401877642 0.9608
1520530772.451787233 0.9533
1520530772.501789093 0.9980
1520530772.551790237 0.8931
1520530772.601792336 1.0467
1520530772.651794195 0.9520
1520530772.701795340 1.0633
1520530772.751797199 1.0661
1520530772.801798344 1.0638
1520530772.851710320 1.0259
1520530772.901712418 0.8922
1520530772.951713324 0.9997
1520530773.001715183 1.0189
1520530773.051716328 1.0439
1520530773.101718187 1.1120
1520530773.151720285 1.1838
1520530773.201721430 1.1927
1520530773.251870155 0.9307
1520530773.301871300 1.0424
1520530773.351878405 0.9620
1520530773.401874542 1.1346
1520530773.451876402 1.1329
1520530773.501919270 1.1114
1520530773.551879406 1.0256
1520530773.601880312 0.9852
1520530773.651882172 1.0832
1520530773.701948404 0.8981
1520530773.751950264 1.0005
1520530773.801952362 0.9163
1520530773.851953506 1.0081
1520530773.901955366 0.9979
1520530773.951956511 1.0498
1520530774.001958370 1.1099
1520530774.051959276 0.9710
1520530774.101984501 1.0213
1520530774.151986361 1.0240
1520530774.201987505 1.0756
1520530774.251989603 1.0178
1520530774.301991463 1.1015
1520530774.351992607 0.9911
1520530774.401993513 0.8709
1520530774.451995373 0.9276
1520530774.501791954 0.7685
1520530774.551794291 0.7012
1520530774.601794958 0.9214
1520530774.651797056 0.9769
1520530774.701798201 0.9281
1520530774.751800060 0.9987
1520530774.801800966 0.9690
1520530774.851803064 0.9836
1520530774.901629925 0.9887
1520530774.951631784 0.9207
1520530775.001632690 0.9113
1520530775.051635027 0.9226
1520530775.101664066 0.9493
1520530775.151637793 1.0047
1520530775.201638937 1.0332
1520530775.251640797 0.9682
1520530775.301808119 0.9372
1520530775.351809025 0.8258
1520530775.401811123 0.7854
1520530775.451812029 0.8510
1520530775.501814127 0.8296
1520530775.551815271 0.8769
1520530775.601817131 0.9859
1520530775.651818037 1.0034
1520530775.702431679 0.9767
1520530775.752434015 0.8233
1520530775.802434921 0.8753
1520530775.852437019 1.0156
1520530775.902437925 0.9690
1520530775.952439785 1.0567
1520530776.002440929 1.0375
1520530776.052442789 1.0276
1520530776.102444887 1.0155
1520530776.152283430 0.9651
1520530776.202284575 0.9742
1520530776.252286434 1.0023
1520530776.302287340 1.0296
1520530776.352289438 1.0300
1520530776.402290344 1.1013
1520530776.452292442 0.8863
1520530776.502293587 0.9685
1520530776.552302361 0.9953
1520530776.602303505 1.0316
1520530776.652305365 0.8855
1520530776.702321291 0.9258
1520530776.752308369 0.9719
1520530776.802310467 0.8496
1520530776.852311611 0.8797
1520530776.902312517 0.9249
1520530776.952342272 0.8548
1520530777.002344131 0.9046
1520530777.052345037 0.9420
1520530777.102347374 0.9023
1520530777.152348042 1.0124
1520530777.202350140 1.0688
1520530777.252351284 0.9741
1520530777.302353144 1.0620
1520530777.352223158 0.9883
1520530777.402224064 0.9466
1520530777.452226162 1.0417
1520530777.502227306 0.9700
1520530777.552229166 1.0333
1520530777.602230310 1.0438
1520530777.652232170 0.8666
1520530777.702234030 0.9098
1520530777.752132177 0.9997
1520530777.802134275 0.8898
1520530777.852136135 0.9306
1520530777.902137041 0.9670
1520530777.952138186 1.0594
1520530778.002140045 0.8732
1520530778.052142143 0.9011
1520530778.102143288 0.8930
1520530778.152195692 0.9561
1520530778.202196598 0.9986
1520530778.252198696 1.0297
1520530778.302200556 1.0395
1520530778.352201462 1.0360
1520530778.402202606 1.0445
1520530778.452204466 0.9439
1520530778.502205372 0.8764
1520530778.552207708 0.9337
1520530778.602252245 0.9972
1520530778.652253151 0.9211
1520530778.702255011 1.0558
1520530778.752256155 0.9981
1520530778.802258253 1.0060
1520530778.852259398 1.0302
1520530778.902261257 1.0441
1520530778.952263117 0.8728
1520530779.002046347 1.0073
1520530779.052048683 0.9366
1520530779.102049589 0.8898
1520530779.152051449 0.9010
1520530779.202052593 0.9634
1520530779.252054453 0.8917
1520530779.302056551 0.9582
1520530779.352058649 0.9021
1520530779.401859522 0.9326
1520530779.451860666 0.8849
1520530779.501862764 0.9617
1520530779.551863670 0.9190
1520530779.601868629 0.9185
1520530779.651867628 0.8539
1520530779.701868534 0.9007
1520530779.751869678 0.9214
1520530779.802151203 0.9073
1520530779.852153301 0.8369
1520530779.902155161 0.8976
1520530779.952156067 0.7819
1520530780.002157211 0.7556
1520530780.052159309 0.8171
1520530780.102160215 0.9062
1520530780.152162313 0.8627
1520530780.202292681 0.8538
1520530780.252293587 0.8521
1520530780.302295446 0.8957
1520530780.352296591 0.8376
1520530780.402298689 0.8935
1520530780.452299833 0.9032
1520530780.502301693 0.9196
1520530780.552302599 0.9897
1520530780.602304697 1.0033
1520530780.652139425 0.8880
1520530780.702140570 0.8971
1520530780.752142668 0.9217
1520530780.802143574 0.9455
1520530780.852145672 1.0204
1520530780.902147532 1.0336
1520530780.952149391 1.1106
1520530781.002150774 1.1063
1520530781.052164555 0.9818
1520530781.102166414 0.8775
1520530781.152168512 0.9867
1520530781.202169657 0.8858
1520530781.252170563 0.9609
1520530781.302172422 0.9729
1520530781.352173567 0.9714
1520530781.402175426 0.9693
1520530781.452058554 1.0184
1520530781.502059460 0.9356
1520530781.552061796 0.8780
1520530781.602062702 1.0193
1520530781.652064562 0.9637
1520530781.702065706 0.8727
1520530781.752067566 0.9720
1520530781.802069426 1.1074
1520530781.852036953 0.9820
1520530781.902038813 1.0125
1520530781.952039719 0.9225
1520530782.002041817 1.0056
1520530782.052042723 1.0283
1520530782.102044582 1.0004
1520530782.152045727 1.0979
1520530782.202047825 1.1763
1520530782.252168655 0.8925
1520530782.302169561 0.8823
1520530782.352171421 0.7976
1520530782.402172565 0.9500
1520530782.452174664 0.9375
1520530782.502176523 1.0100
1520530782.552178621 1.0445
1520530782.602179527 0.9716
1520530782.652289391 0.8454
1520530782.702290058 0.9174
1520530782.752292395 0.8392
1520530782.802293301 0.7906
1520530782.852294207 0.8264
1520530782.902296305 0.8554
1520530782.952298164 0.9416
1520530783.002299070 0.8966
1520530783.052301407 0.9141
1520530783.102149963 0.9849
1520530783.152151823 0.9229
1520530783.202152729 0.8435
1520530783.252154827 0.9191
1520530783.302155733 0.8473
1520530783.352157593 0.8463
1520530783.402159929 0.9655
1520530783.452160835 1.0385
1520530783.501915693 0.8806
1520530783.551916599 0.8358
1520530783.601918697 0.8186
1520530783.651919603 0.9191
1520530783.701921463 0.9889
1520530783.751923800 1.0424
1520530783.801924706 1.0479
1520530783.851926804 0.9449
1520530783.901875496 1.0173
1520530783.951877356 0.9195
1520530784.001878500 0.8907
1520530784.051880360 0.9134
1520530784.101882458 0.9845
1520530784.151883602 0.8916
1520530784.201885462 1.0834
1520530784.251886368 1.0270
1520530784.302434206 0.7731
1520530784.352436304 0.7782
1520530784.402437210 0.8786
1520530784.452439308 1.0642
1520530784.502440214 1.0455
1520530784.552441120 1.1977
1520530784.602443218 1.1022
1520530784.652445078 1.1128
1520530784.702521563 1.0330
1520530784.752617836 0.9453
1520530784.802524567 0.9614
1520530784.852526665 0.9310
1520530784.902527809 1.0091
1520530784.952529669 1.1580
1520530785.002531528 1.1096
1520530785.052532673 1.1179
1520530785.102534771 1.1332
1520530785.152404785 1.2298
1520530785.202406883 1.0293
1520530785.252407789 1.0114
1520530785.302409649 1.0771
1520530785.352410793 0.9116
1520530785.402412891 1.0260
1520530785.452414751 0.9789
1520530785.502415895 1.0339
1520530785.552469492 0.9768
1520530785.602470398 0.9667
1520530785.652472258 0.9609
1520530785.702474594 1.0638
1520530785.752476454 0.9058
1520530785.802477360 0.9435
1520530785.852478504 1.0215
1520530785.902480364 1.0265
1520530785.952437878 1.0510
1520530786.002438545 1.1013
1520530786.052440882 1.0622
1520530786.102442741 0.9480
1520530786.152446747 1.0035
1520530786.202444792 1.1354
1520530786.252446651 1.1532
1520530786.302447796 0.9326
1520530786.352428436 1.0234
1520530786.402352571 0.9368
1520530786.452354670 0.9771
1520530786.502355337 0.9012
1520530786.552357674 1.0071
1520530786.602359533 0.9097
1520530786.652360439 1.0385
1520530786.702362537 1.0131
1520530786.752382517 1.0609
1520530786.802384377 0.9700
1520530786.852385521 1.0176
1520530786.902387381 1.0123
1520530786.952388287 1.0382
1520530787.002390623 0.9758
1520530787.052392483 1.0169
1520530787.102393389 0.9910
1520530787.152462959 1.0365
1520530787.202464819 0.9657
1520530787.252465963 1.0673
1520530787.302467823 1.0664
1520530787.352468729 1.0248
1520530787.402470827 1.0661
1520530787.452471733 0.9447
1520530787.502474785 0.9801
1520530787.552475929 0.9493
1520530787.602204561 1.1110
1520530787.652206659 0.9864
1520530787.702207565 1.0626
1520530787.752209663 0.9823
1520530787.802210569 1.0099
1520530787.852212429 0.9173
1520530787.902213573 0.9520
1520530787.952274799 0.9509
1520530788.002069950 1.0184
1520530788.052072048 0.9202
1520530788.102072716 0.9097
1520530788.152075052 0.8859
1520530788.202076912 0.9724
1520530788.252077818 0.9393
1520530788.302079916 0.9694
1520530788.352080822 1.0652
1520530788.402166605 0.9084
1520530788.452167749 0.8940
1520530788.502169609 0.8560
1520530788.552171469 0.9128
1520530788.602172613 0.8841
1520530788.652174473 0.8712
1520530788.702175379 0.9008
1520530788.752177715 0.8950
1520530788.802199125 0.8595
1520530788.852200985 0.8648
1520530788.902203083 0.9600
1520530788.952204943 0.9335
1520530789.002205849 1.0300
1520530789.052208185 0.9873
1520530789.102209091 1.0731
1520530789.152210951 0.9783
1520530789.202288151 1.0459
1520530789.252290010 0.9921
1520530789.302290916 0.9706
1520530789.352293015 1.0697
1520530789.402293921 0.9705
1520530789.452296019 0.9020
1520530789.502297163 0.9984
1520530789.552340031 0.9841
1520530789.602353811 0.9289
1520530789.652355909 1.0040
1520530789.702356815 0.9166
1520530789.752358913 1.0011
1520530789.802360773 1.0069
1520530789.852361679 0.9285
1520530789.902364016 1.1022
1520530789.952364683 0.9701
1520530790.002366781 1.1129
1520530790.052260160 1.0759
1520530790.102262020 0.8338
1520530790.152263165 0.9077
1520530790.202265024 1.0662
1520530790.252267122 0.9987
1520530790.302268267 1.1416
1520530790.352270126 1.1652
1520530790.402271986 1.1881
1520530790.452260494 1.0818
1520530790.502262592 1.0992
1520530790.552263498 1.1134
1520530790.602265596 1.0633
1520530790.652266502 1.0510
1520530790.702268362 1.0145
1520530790.752270699 1.1719
1520530790.802271605 1.0053
1520530790.852422714 0.9922
1520530790.902427673 1.0384
1520530790.952425718 0.9981
1520530791.002427578 1.0062
1520530791.052428484 1.0281
1520530791.102429628 1.0148
1520530791.152455568 1.0864
1520530791.202432871 1.2183
1520530791.252573013 0.9919
1520530791.302574158 0.8170
1520530791.352576017 0.9122
1520530791.402577877 1.0437
1520530791.452579021 0.9756
1520530791.502580881 0.8760
1520530791.552582026 0.8951
1520530791.602584124 0.9042
1520530791.652470827 0.7798
1520530791.702472687 0.8029
1520530791.752473593 0.8063
1520530791.802475691 0.8781
1520530791.852477789 0.8186
1520530791.902478695 0.7931
1520530791.952480793 0.7804
1520530792.002482653 0.8131
1520530792.052518368 0.7779
1520530792.102171183 0.7510
1520530792.152172089 0.6751
1520530792.202174187 0.7731
1520530792.252176046 0.8742
1520530792.302176952 0.9051
1520530792.352179289 0.9820
1520530792.402180195 0.9439
1520530792.452182055 1.0152
1520530792.502040386 1.0258
1520530792.552041531 0.8966
1520530792.602042437 0.9928
1520530792.652044296 0.8985
1520530792.702045441 0.9280
1520530792.752052546 0.8817
1520530792.802048445 0.8914
1520530792.852050543 0.9288
1520530792.902247906 0.8099
1520530792.952249765 0.7790
1520530793.002252102 0.7745
1520530793.052253008 0.8648
1520530793.102254868 0.8786
1520530793.152256012 0.9578
1520530793.202257872 0.8703
1520530793.252259016 0.8637
1520530793.302666664 1.0013
1520530793.352667570 0.9705
1520530793.402669668 0.9660
1520530793.452671766 0.8501
1520530793.502672672 0.8631
1520530793.552674532 0.8416
1520530793.602675676 0.8629
1520530793.652677536 0.9199
1520530793.702589035 0.9644
1520530793.752591848 0.9974
1520530793.802592754 0.9955
1520530793.852594852 1.0605
1520530793.902595758 0.9780
1520530793.952597857 1.0419
1520530794.002599955 1.0572
1520530794.052604914 0.9423
1520530794.102647543 0.9901
1520530794.152649403 0.8754
1520530794.202650547 0.9462
1520530794.252652645 0.9444
1520530794.302653551 0.9968
1520530794.352655649 0.8766
1520530794.402656555 0.9358
1520530794.452658415 0.8553
1520530794.502659559 0.9352
1520530794.552675724 0.8918
1520530794.602677822 0.9035
1520530794.652678967 0.9034
1520530794.702680826 0.8365
1520530794.752681971 0.8597
1520530794.802683830 0.9323
1520530794.852684736 1.0272
1520530794.902687073 1.0256
1520530794.952672243 0.9020
1520530795.002674103 0.9647
1520530795.052676201 1.0408
1520530795.102677345 1.0207
1520530795.152679205 0.9060
1520530795.202680111 1.0705
1520530795.252682209 1.0830
1520530795.302684069 0.9417
1520530795.352701664 0.9094
1520530795.402703762 1.0116
1520530795.452705860 1.0052
1520530795.502706766 1.0348
1520530795.552708864 0.9402
1520530795.602709770 1.0476
1520530795.652710915 0.9826
1520530795.702712774 1.0155
1520530795.752690315 0.9540
1520530795.802692652 0.9929
1520530795.852694511 0.9149
1520530795.902695417 0.9701
1520530795.952699423 1.0001
1520530796.002698421 1.0524
1520530796.052700520 1.0302
1520530796.102701664 0.9745
1520530796.152534246 1.0980
1520530796.202536345 1.0069
1520530796.252537251 1.1056
1520530796.302539349 0.9412
1520530796.352540493 1.0519
1520530796.402542353 0.8692
1520530796.452543497 0.9652
1520530796.502545357 1.0069
1520530796.552486181 0.9762
1520530796.602488041 0.9340
1520530796.652489901 0.9737
1520530796.702491045 0.9327
1520530796.752493143 1.0336
1520530796.802494287 0.9643
1520530796.852496147 0.9327
1520530796.902498007 0.9053
1520530796.952499151 1.0292
1520530797.002631664 0.9020
1520530797.052633524 0.8819
1520530797.102634430 0.8386
1520530797.152636766 0.8550
1520530797.202637672 0.8227
1520530797.252638817 0.7842
1520530797.302641630 0.9260
1520530797.352642536 0.9004
1520530797.402760029 0.8937
1520530797.452760935 0.8307
1520530797.502762079 0.8795
1520530797.552763939 0.7963
1520530797.602865934 0.8482
1520530797.652766943 0.8257
1520530797.702767849 0.8803
1520530797.752769947 0.8892
1520530797.802643299 0.8781
1520530797.852644205 0.8844
1520530797.902646303 0.8670
1520530797.952647209 0.9554
1520530798.002649307 0.9423
1520530798.052650213 0.9882
1520530798.102652073 0.9806
1520530798.152653217 1.0024
1520530798.202504635 1.0018
1520530798.252506733 0.8900
1520530798.302507877 1.0027
1520530798.352509737 1.0265
1520530798.402510643 1.1613
1520530798.452512741 1.0241
1520530798.502513647 0.8690
1520530798.552515507 0.9957
1520530798.602414608 1.0794
1520530798.652416706 1.0142
1520530798.702417612 1.0608
1520530798.752419472 0.9744
1520530798.802420855 1.0521
1520530798.852422714 0.9808
1520530798.902424574 0.9706
1520530798.952425718 1.0789
1520530799.002338409 0.9869
1520530799.052339315 0.9383
1520530799.102340460 0.9153
1520530799.152342319 1.0614
1520530799.202422380 0.9376
1520530799.252345324 0.9661
1520530799.302346230 1.0103
1520530799.352348089 0.9305
1520530799.402350426 1.0363
1520530799.452410460 1.1091
1520530799.502412558 0.8966
1520530799.552413464 0.8783
1520530799.602415323 0.8923
1520530799.652416468 0.8361
1520530799.702418327 0.9437
1520530799.752419233 0.9132
1520530799.802421570 0.8821
1520530799.852662325 0.8480
1520530799.902663231 0.7417
1520530799.952665329 0.7055
1520530800.002666235 0.9250
1520530800.052668095 0.8608
1520530800.102669239 0.9458
1520530800.152671337 0.9090
1520530800.202673197 0.9083
1520530800.252766132 0.8743
1520530800.302767038 0.8038
1520530800.352769136 0.8708
1520530800.402770281 0.8162
1520530800.452771187 0.8801
1520530800.502774000 0.8846
1520530800.552775145 0.8342
1520530800.602776051 0.8365
1520530800.652460575 0.8972
1520530800.702461481 0.8221
1520530800.752463341 0.8336
1520530800.802521229 0.8503
1520530800.852466345 0.8477
1520530800.902468443 0.9264
1520530800.952469587 0.9084
1520530801.002471447 0.9796
1520530801.052102566 0.8122
1520530801.102104664 0.8285
1520530801.152105808 0.7500
1520530801.202107668 0.9198
1520530801.252108812 1.0017
1520530801.302110672 1.0974
1520530801.352112532 1.1003
1520530801.402113676 1.0013
1520530801.452115774 1.0240
1520530801.502018929 0.9733
1520530801.552020788 0.8878
1520530801.602021933 0.9321
1520530801.652023792 0.9757
1520530801.702024698 0.9050
1520530801.752027988 0.9959
1520530801.802028894 0.9421
1520530801.852030754 0.9760
1520530801.902304411 0.9272
1520530801.952305317 0.9710
1520530802.002306461 0.8540
1520530802.052308559 0.8680
1520530802.102309465 0.9895
1520530802.152311563 1.0142
1520530802.202313423 0.9686
1520530802.252314568 0.9833
1520530802.302571535 0.8629
1520530802.352573395 0.8096
1520530802.402609348 0.7516
1520530802.452576399 0.7997
1520530802.502577305 0.8472
1520530802.552579641 0.7320
1520530802.602581501 0.7831
1520530802.652582407 0.8597
1520530802.702605009 0.8743
1520530802.752606153 0.8374
1520530802.802608013 0.9328
1520530802.852608919 0.8953
1520530802.902611256 0.9625
1520530802.952613115 0.9515
1520530803.002614021 0.9491
1520530803.052616119 0.8372
1520530803.102764130 0.9502
1520530803.152766228 0.8617
1520530803.202767134 0.9049
1520530803.252768993 0.9294
1520530803.302770138 0.8452
1520530803.352771997 0.8434
1520530803.402774334 0.8426
1520530803.452775240 0.9007
1520530803.502920151 1.0251
1520530803.552922010 1.0242
1520530803.602922916 0.6851
1520530803.652925253 0.7912
1520530803.702926159 0.8830
1520530803.752928019 0.9686
1520530803.802930117 0.9894
1520530803.852931023 1.0365
1520530803.902932167 0.9657
1520530803.952781200 0.9859
1520530804.002792120 0.9126
1520530804.052784204 0.9347
1520530804.102786303 0.9389
1520530804.152787209 0.8937
1520530804.202789307 1.0061
1520530804.252790213 1.1152
1520530804.302792311 1.1531
1520530804.352735758 1.0928
1520530804.402737617 0.9770
1520530804.452738762 0.9898
1520530804.502740622 0.8408
1520530804.552742004 1.0282
1520530804.602743864 1.0033
1520530804.652745724 0.9109
1520530804.702746868 0.9143
1520530804.752780199 1.0183
1520530804.802782297 1.0063
1520530804.852783442 1.0868
1520530804.902784348 0.9955
1520530804.952786207 1.0583
1520530805.002788305 0.9296
1520530805.052790165 0.9276
1520530805.102791071 0.8680
1520530805.152562380 0.8417
1520530805.202564240 0.7462
1520530805.252565622 0.9086
1520530805.302567482 0.8963
1520530805.352569342 0.7704
1520530805.402570486 0.8385
1520530805.452572346 0.8599
1520530805.502573490 0.9709
1520530805.552534580 0.9307
1520530805.602536678 1.0206
1520530805.652537584 0.8886
1520530805.702538729 0.8885
1520530805.752540588 0.8106
1520530805.802542686 0.8818
1520530805.852543831 0.8331
1520530805.902545691 0.8219
1520530805.952546597 0.8871
1520530806.002724409 0.8403
1520530806.052725315 0.8370
1520530806.102727175 0.8345
1520530806.152729273 0.7408
1520530806.202730179 0.8411
1520530806.252732277 0.8702
1520530806.302733421 0.7475
1520530806.352735281 0.8270
1520530806.402897358 0.8916
1520530806.452899694 0.8871
1520530806.502901554 0.8524
1520530806.552903414 0.7907
1520530806.602904558 0.8138
1520530806.652906418 0.8755
1520530806.702908516 0.8299
1520530806.752908468 0.8295
1520530806.803025723 0.9393
1520530806.853026867 0.9172
1520530806.903029680 0.8279
1520530806.953030586 0.9025
1520530807.003031731 0.9111
1520530807.053033829 0.9202
1520530807.103034973 0.8912
1520530807.153036833 0.9925
1520530807.202843189 0.9262
1520530807.252840996 0.8919
1520530807.302842140 0.8707
1520530807.352844000 1.1385
1520530807.402845860 1.0911
1520530807.452847004 0.8283
1520530807.502849102 1.0116
1520530807.552850008 0.9740
1520530807.602721453 0.9887
1520530807.652722597 0.9868
1520530807.702724695 1.0086
1520530807.752725840 0.9157
1520530807.802727699 0.9163
1520530807.852729559 1.0750
1520530807.902730703 0.9413
1520530807.952732563 1.0985
1520530808.002812386 0.6786
1520530808.052814245 0.7290
1520530808.102815390 0.9452
1520530808.152818441 0.9759
1520530808.202819347 0.9619
1520530808.252820492 1.0029
1520530808.302822351 0.9727
1520530808.352824211 1.0208
1520530808.402826548 1.0623
1520530808.452991009 1.0165
1520530808.502992153 0.9021
1520530808.552994013 1.0137
1520530808.602995157 1.1540
1520530808.652999163 1.1625
1520530808.702999115 1.0321
1520530808.753000259 0.9629
1520530808.803002119 0.9549
1520530808.852989435 0.9193
1520530808.902898550 0.8082
1520530808.952900410 0.8477
1520530809.002902269 0.8570
1520530809.052903414 0.9485
1520530809.102905273 0.9806
1520530809.152906179 0.9417
1520530809.202908516 0.9616
1520530809.252622604 0.5983
1520530809.302624464 0.4845
1520530809.352626324 0.6501
1520530809.402627468 0.8800
1520530809.452629566 0.9554
1520530809.502630711 0.9858
1520530809.552632570 0.8890
1520530809.602633476 0.9065
1520530809.652633905 1.0088
1520530809.702635765 1.0853
1520530809.752636671 0.9714
1520530809.802638769 0.9239
1520530809.852640867 0.9872
1520530809.902641773 0.9579
1520530809.952643871 1.0086
1520530810.002644777 1.0235
1520530810.053197622 0.7856
1520530810.103198528 0.9644
1520530810.153200626 0.7558
1520530810.203201532 1.0139
1520530810.253206491 1.0241
1520530810.303205729 1.0550
1520530810.353206635 1.0222
1520530810.403207779 0.9459
1520530810.453339100 0.9944
1520530810.503276348 1.0989
1520530810.553277254 0.9076
1520530810.603279114 0.9580
1520530810.653280258 0.8886
1520530810.703282118 0.9556
1520530810.753283262 0.9585
1520530810.803285360 1.0619
1520530810.853286028 0.9206
1520530810.903261662 0.9975
1520530810.953263521 1.0480
1520530811.003264666 1.0126
1520530811.053266764 1.0288
1520530811.103267670 0.8768
1520530811.153269768 0.9245
1520530811.203270674 0.8875
1520530811.253272533 0.9412
1520530811.303123474 1.0481
1520530811.353125334 0.9547
1520530811.403127193 1.0378
1520530811.453129530 1.0605
1520530811.503130436 1.0658
1520530811.553132296 0.8949
1520530811.603134394 0.9400
1520530811.653135300 1.0217
1520530811.703139067 0.9989
1520530811.753140926 1.0336
1520530811.803142071 0.9198
1520530811.853144169 0.9458
1520530811.903147936 0.9487
1520530811.953147173 0.9028
1520530812.003149033 0.9848
1520530812.053188086 1.0260
1520530812.103106022 0.9649
1520530812.153108120 1.0155
1520530812.203110218 0.9449
1520530812.253111124 0.9862
1520530812.303113222 0.9804
1520530812.353114128 1.1285
1520530812.403115988 1.0454
1520530812.453117132 1.0340
1520530812.503178358 1.0609
1520530812.553179026 1.1356
1520530812.603181124 0.9657
1520530812.653183222 0.9500
1520530812.703184128 0.9927
1520530812.753185987 0.9388
1520530812.803188324 0.9578
1520530812.853189230 0.8914
1520530812.903190374 0.9181
1520530812.953081369 0.9588
1520530813.003083229 1.0369
1520530813.053084373 0.9837
1520530813.103086233 0.9849
1520530813.153088331 0.9356
1520530813.203089476 0.9341
1520530813.253091335 0.8928
1520530813.303093195 0.8170
1520530813.352868557 0.8730
1520530813.402869463 0.8600
1520530813.452871561 0.7664
1520530813.502872467 0.7983
1520530813.552874565 0.8180
1520530813.602876663 0.8212
1520530813.652886629 0.8936
1520530813.702878475 0.9676
1520530813.752878428 0.9187
1520530813.802880287 0.9663
1520530813.852881432 0.8323
1520530813.902883291 0.8765
1520530813.952884197 0.9546
1520530814.002886295 0.8774
1520530814.052887201 0.8274
1520530814.102889299 0.8971
1520530814.153383255 0.7874
1520530814.203385115 0.7460
1520530814.253386974 0.6974
1520530814.303388119 0.7996
1520530814.353389978 0.8561
1520530814.403392076 0.8240
1520530814.453393221 0.9262
1520530814.503394127 0.9807
1520530814.553365469 1.0044
1520530814.603367329 1.0696
1520530814.653369427 1.1019
1520530814.703370571 1.1663
1520530814.753371477 1.1007
1520530814.803373337 1.2027
1520530814.853375435 1.0861
1520530814.903376341 1.2068
1520530814.953189135 1.1304
1520530815.003187180 0.9754
1520530815.053189039 0.8452
1520530815.103190184 1.0118
1520530815.153192282 0.9939
1520530815.203193426 0.9248
1520530815.253195286 1.0001
1520530815.303196192 1.0664
1520530815.353198290 1.1210
1520530815.403064489 1.2027
1520530815.453065395 1.1783
1520530815.503067732 1.0751
1520530815.553068638 0.8959
1520530815.603070498 0.9545
1520530815.653071642 0.8973
1520530815.703073502 1.0459
1520530815.753074646 1.2061
1520530815.803066015 1.1920
1520530815.853068113 1.0851
1520530815.903069258 1.0611
1520530815.953071117 1.0774
1520530816.003072262 1.0996
1520530816.053074121 1.0668
1520530816.103075027 1.1359
1520530816.153077364 1.2258
1520530816.203195095 1.4220
1520530816.253196239 1.2145
1520530816.303198099 0.9376
1520530816.353200197 1.0631
1520530816.403201342 1.1344
1520530816.453202248 1.1593
1520530816.503205061 1.2192
1520530816.553205252 1.0266
1520530816.603259802 1.2616
1520530816.653261900 1.0985
1520530816.703267813 0.8830
1520530816.753264904 1.0440
1520530816.803265810 0.9688
1520530816.853267670 0.9050
1520530816.903270006 0.9689
1520530816.953270674 1.0007
1520530817.002976418 0.9067
1520530817.052977562 0.8741
1520530817.102979660 0.9607
1520530817.152980566 1.0298
1520530817.202982664 1.0140
1520530817.252983570 1.0908
1520530817.302985430 1.1117
1520530817.352986574 0.9870
1520530817.402988434 1.0473
1520530817.452914715 0.9601
1520530817.502915621 0.9939
1520530817.552917719 0.8781
1520530817.602919579 0.8571
1520530817.652920485 1.1097
1520530817.702921629 1.0700
1520530817.752923727 1.1621
1520530817.802925587 1.2058
1520530817.853491545 0.0000
1520530817.903492689 0.0000
1520530817.953494549 16.8609
1520530818.003496408 1.0080
1520530818.053497553 1.2134
1520530818.103499413 1.0997
1520530818.153500557 1.2486
1520530818.203501463 1.1955
1520530818.253752947 1.2509
1520530818.303755760 0.9754
1520530818.353755951 0.9977
1520530818.403757811 0.9933
1520530818.453758955 0.9709
1520530818.503833771 0.9957
1520530818.553761721 0.9686
1520530818.603764057 1.0107
1520530818.653602362 1.0498
1520530818.703604221 0.9777
1520530818.753605366 1.0265
1520530818.803607225 0.8797
1520530818.853608131 1.0075
1520530818.903610468 1.0518
1520530818.953611374 1.0244
1520530819.003613234 1.0799
1520530819.053454638 1.0636
1520530819.103455782 1.1145
1520530819.153457642 1.0234
1520530819.203458548 0.9806
1520530819.253460646 1.0027
1520530819.303462744 1.0384
1520530819.353463650 1.0024
1520530819.403465748 1.0402
1520530819.453362465 0.9512
1520530819.503363609 0.9783
1520530819.553365469 0.9970
1520530819.603366375 0.8399
1520530819.653368473 0.9637
1520530819.703369379 0.9579
1520530819.753374577 0.9680
1520530819.803372622 0.9655
1520530819.853374481 0.9634
1520530819.903324604 0.9979
1520530819.953331709 0.9898
1520530820.003327847 0.9571
1520530820.053329945 1.0036
1520530820.103371859 0.9942
1520530820.153332710 1.0627
1520530820.203334808 1.0509
1520530820.253335714 1.0381
1520530820.303466558 1.1690
1520530820.353467703 0.9995
1520530820.403469563 1.0462
1520530820.453470469 1.1266
1520530820.503472567 0.9861
1520530820.553473473 1.0413
1520530820.603475571 1.0523
1520530820.653477669 1.1081
1520530820.703377008 1.0090
1520530820.753378868 0.9894
1520530820.803379774 0.9841
1520530820.853381872 1.0956
1520530820.903382778 1.1575
1520530820.953384638 1.0488
1520530821.003386974 1.0103
1520530821.053388834 1.0635
1520530821.103219032 0.9736
1520530821.153219938 1.0297
1520530821.203221083 1.0093
1520530821.253222942 0.9861
1520530821.303223848 0.9368
1520530821.353225946 0.9773
1520530821.403227806 1.0169
1520530821.453228712 1.1145
1520530821.503483057 1.0008
1520530821.553485394 0.9549
1520530821.603487253 1.0277
1520530821.653488159 0.8541
1520530821.703495264 0.9368
1520530821.753491163 0.8750
1520530821.803493023 0.9095
1520530821.853494167 0.9995
1520530821.903496265 0.9445
1520530821.953847647 0.9523
1520530822.003849745 0.8806
1520530822.053850651 0.9204
1520530822.103852510 0.8765
1520530822.153853655 0.8701
1520530822.203855515 0.8503
1520530822.253857613 0.9319
1520530822.303858757 0.9107
1520530822.353642702 0.8772
1520530822.403643608 0.9195
1520530822.453645468 0.9541
1520530822.503646612 0.9172
1520530822.553648710 0.9288
1520530822.603650570 0.9761
1520530822.653652668 1.0372
1520530822.703653574 0.9962
1520530822.753499985 1.0502
1520530822.803502083 1.0163
1520530822.853503942 1.0263
1520530822.903504848 1.1342
1520530822.953507185 1.0736
1520530823.003507853 1.0993
1520530823.053509951 1.0293
1520530823.103511095 0.9900
1520530823.153322220 1.0580
1520530823.203323126 1.0429
1520530823.253325224 1.0521
1520530823.303327322 1.0079
1520530823.353328228 1.1045
1520530823.403330326 1.0728
1520530823.453331232 1.0552
1520530823.503333092 1.1033
1520530823.553307533 1.1607
1520530823.603309631 1.0444
1520530823.653310776 1.0550
1520530823.703312635 1.0283
1520530823.753313541 0.9736
1520530823.803315639 1.0076
1520530823.853317738 1.0151
1520530823.903318644 1.0383
1520530823.953421116 0.8768
1520530824.003422022 0.9029
1520530824.053424120 0.9139
1520530824.103425980 1.1284
1520530824.153426886 1.1376
1520530824.203429222 1.0970
1520530824.253430128 1.1183
1520530824.303431988 1.0133
1520530824.353433132 1.1098
1520530824.403522968 1.0459
1520530824.453525066 0.8298
1520530824.503526926 0.9204
1520530824.553528070 1.0787
1520530824.603528976 1.0912
1520530824.653530836 0.9593
1520530824.703531981 0.8775
1520530824.753535986 0.9031
1520530824.803378105 0.7109
1520530824.853379011 0.7313
1520530824.903381109 0.7854
1520530824.953473091 0.8554
1520530825.003384113 0.9053
1520530825.053385258 0.9456
1520530825.103387117 1.0057
1520530825.153388023 1.0435
1520530825.203181982 0.9798
1520530825.253183126 1.0097
1520530825.303185225 0.8711
1520530825.353186131 1.0039
1520530825.403188229 1.0409
1520530825.453190088 1.0579
1520530825.503190994 0.9972
1520530825.553193331 1.0170
1520530825.603213072 0.9986
1520530825.653214931 0.9996
1520530825.703216076 0.9917
1520530825.753217936 1.0413
1520530825.803220034 1.1138
1520530825.853221178 1.0779
1520530825.903223038 1.0588
1520530825.953224897 1.1129
1520530826.003935575 0.0000
1520530826.053935289 0.0000
1520530826.103938341 20.1922
1520530826.153939486 0.8563
1520530826.203940392 0.9143
1520530826.253942251 0.9370
1520530826.303944349 1.0313
1520530826.353945255 1.0409
1520530826.404023409 1.1061
1520530826.454024076 0.8979
1520530826.504024982 1.0029
1520530826.554083109 0.9482
1520530826.604029179 1.0284
1520530826.654030085 0.9190
1520530826.704032183 0.9087
1520530826.754033089 0.9699
1520530826.804035187 0.9218
1520530826.853658915 1.0070
1520530826.903660774 0.9637
1520530826.953661919 0.9424
1520530827.003663778 0.9753
1520530827.053666115 1.0116
1520530827.103667021 1.1213
1520530827.153668880 0.8285
1520530827.203670025 0.8682
1520530827.253637075 0.9323
1520530827.303637981 0.9159
1520530827.353640079 0.8809
1520530827.403642178 0.9662
1520530827.453643084 0.9696
1520530827.503645182 1.0115
1520530827.553647041 0.9882
1520530827.603647947 1.0470
1520530827.653593063 0.9974
1520530827.703594923 1.0417
1520530827.753596067 1.0616
1520530827.803598166 1.0462
1520530827.853599310 1.0530
1520530827.903600216 1.0529
1520530827.953602076 0.9943
1520530828.003604174 1.0251
1520530828.053573132 1.0098
1520530828.103574038 1.0349
1520530828.153593063 1.0882
1520530828.203577995 1.0151
1520530828.253578901 1.1065
1520530828.303580999 0.9665
1520530828.353582144 1.0446
1520530828.403584003 0.9855
1520530828.453457832 1.0652
1520530828.503459930 0.9670
1520530828.553461075 1.0825
1520530828.603462934 1.0260
1520530828.653464794 0.9869
1520530828.703465939 1.0143
1520530828.753467798 1.0221
1520530828.803468704 0.9104
1520530828.853471041 0.9212
1520530828.903293371 1.0313
1520530828.953294277 1.0523
1520530829.003296137 0.9681
1520530829.053297520 1.0131
1520530829.103299379 0.9534
1520530829.153301239 0.9529
1520530829.203302383 1.0028
1520530829.253304243 0.9355
1520530829.303629160 0.9133
1520530829.353631020 0.9458
1520530829.403632164 0.8641
1520530829.453637123 0.8553
1520530829.503634930 0.8936
1520530829.553637028 0.9744
1520530829.603639126 1.0238
1520530829.653640032 1.0748
1520530829.704049587 0.9789
1520530829.754051685 0.9734
1520530829.804053545 0.9977
1520530829.854054689 0.8679
1520530829.904056549 0.8768
1520530829.954057693 0.9107
1520530830.004059553 0.9496
1520530830.054060459 0.8962
1520530830.103815317 0.9951
1520530830.153816223 0.9945
1520530830.203818321 0.9226
1520530830.253820419 0.9697
1520530830.303821325 0.9777
1520530830.353823185 1.0267
1520530830.403824329 1.0602
1520530830.453826189 1.0161
1520530830.503615856 0.9967
1520530830.553617954 1.0915
1520530830.603619814 1.0754
1520530830.653620720 1.1752
1520530830.703622818 0.9577
1520530830.753624916 1.0781
1520530830.803626776 1.0582
1520530830.853627920 1.1189
1520530830.903462410 1.0430
1520530830.953464270 0.9955
1520530831.003466606 1.0888
1520530831.053467274 1.0529
1520530831.103468180 1.0550
1520530831.153470516 1.0010
1520530831.203472376 1.0366
1520530831.253473520 1.1014
1520530831.303475380 1.0565
1520530831.353523970 1.1505
1520530831.403623819 1.0348
1520530831.453526974 1.0732
1520530831.503529072 0.9555
1520530831.553530216 1.0396
1520530831.603532076 1.1495
1520530831.653533220 0.9657
1520530831.703535080 1.0425
1520530831.753732681 0.8887
1520530831.803734541 0.9734
1520530831.853736639 0.9907
1520530831.903737545 0.9991
1520530831.953739405 0.9919
1520530832.003740788 1.0955
1520530832.053742647 1.0275
1520530832.103743792 1.0654
1520530832.153733492 1.0090
1520530832.203735352 0.9353
1520530832.253736258 0.9858
1520530832.303738356 1.0136
1520530832.353740215 0.9954
1520530832.403741121 0.9164
1520530832.453743458 0.9308
1520530832.503744364 0.9595
1520530832.553491354 0.8455
1520530832.603493690 0.7855
1520530832.653494596 0.8458
1520530832.703496456 0.8870
1520530832.753497601 0.9099
1520530832.803498507 0.9934
1520530832.853500366 1.0018
1520530832.903501511 1.0216
1520530832.953346491 0.9257
1520530833.003408432 0.8257
1520530833.053349495 0.9138
1520530833.103351593 1.0668
1520530833.153352499 1.0018
1520530833.203354359 1.0987
1520530833.253355503 0.9738
1520530833.303357363 1.0155
1520530833.353605747 0.9331
1520530833.403606415 0.9655
1520530833.453608513 1.1311
1520530833.503609657 1.0998
1520530833.553611517 1.1072
1520530833.603613377 1.0487
1520530833.653614521 1.0561
1520530833.703615427 1.1723
1520530833.753617525 1.1405
1520530833.804356098 0.0000
1520530833.854357243 0.0000
1520530833.904359102 15.1542
1520530833.954361200 1.0483
1520530834.004362345 0.8609
1520530834.054364204 1.0301
1520530834.104366064 1.0156
1520530834.154367208 0.9930
1520530834.204151869 0.9692
1520530834.254152775 1.0074
1520530834.304154634 0.9321
1520530834.354155779 1.0743
1520530834.404156685 0.9692
1520530834.454158783 0.9722
1520530834.504159689 1.0012
1520530834.554161549 0.9970
1520530834.603904486 1.0061
1520530834.653884411 1.1307
1520530834.703886271 1.1301
1520530834.753887415 1.1497
1520530834.803889513 1.0377
1520530834.853890419 1.0846
1520530834.903892517 1.1149
1520530834.953893423 0.8753
1520530835.003848076 0.9671
1520530835.053850174 1.0574
1520530835.103851318 0.9700
1520530835.153853178 1.0160
1520530835.203854322 1.0620
1520530835.253856182 0.9783
1520530835.303858280 0.9842
1520530835.353859425 0.9280
1520530835.403751373 1.0328
1520530835.453752518 1.0272
1520530835.503754377 1.0081
1520530835.553756475 1.0514
1520530835.603757620 1.1187
1520530835.653759480 1.1930
1520530835.703760386 1.0180
1520530835.753762484 1.0541
1520530835.803792238 1.1277
1520530835.853783607 1.0247
1520530835.903788567 0.9611
1520530835.953786373 0.9756
1520530836.003787518 0.9935
1520530836.053789377 0.9938
1520530836.103791475 1.0107
1520530836.153792620 1.0604
1520530836.203794479 1.1027
1520530836.253842592 1.1181
1520530836.303844690 1.1057
1520530836.353845835 1.0573
1520530836.403847694 0.9848
1520530836.453848600 1.0514
1520530836.503850698 1.0205
1520530836.553852558 1.0765
1520530836.603853464 1.0204
1520530836.653644085 1.1282
1520530836.703644991 1.0663
1520530836.753647089 1.0311
1520530836.803647995 0.9450
1520530836.853649855 1.0667
1520530836.903650999 1.0223
1520530836.953653097 0.9620
1520530837.003654957 0.9759
1520530837.053571224 1.0053
1520530837.103573322 0.9585
1520530837.153575182 1.0064
1520530837.203576326 0.9523
1520530837.253578186 0.9953
1520530837.303579092 0.8884
1520530837.353581429 0.9601
1520530837.403583288 0.9445
1520530837.453924179 0.9258
1520530837.503925085 0.8696
1520530837.553927183 0.8515
1520530837.603929043 0.9195
1520530837.653929949 0.9595
1520530837.703931093 0.9612
1520530837.753932953 0.9985
1520530837.803935051 1.0352
1520530837.854232311 1.0149
1520530837.904138327 0.9398
1520530837.954139471 0.9519
1520530838.004141331 0.9700
1520530838.054142237 0.9448
1520530838.104144335 1.0325
1520530838.154145241 0.9697
1520530838.204147100 1.0014
1520530838.254149437 0.9486
1520530838.304105282 1.0058
1520530838.354107141 1.0514
1520530838.404108286 0.9904
1520530838.454110146 1.0543
1520530838.504111052 0.9219
1520530838.554113388 0.9500
1520530838.604115248 0.9892
1520530838.654116154 1.0426
1520530838.703937292 1.0448
1520530838.753938437 0.9633
1520530838.803940296 0.8873
1520530838.853942156 1.0199
1520530838.903944492 0.9849
1520530838.953945398 0.9856
1520530839.003947258 1.0999
1520530839.053948402 1.0162
1520530839.103765249 0.8386
1520530839.153767109 0.8681
1520530839.203769445 0.9305
1520530839.253770351 1.1824
1520530839.303771496 1.1193
1520530839.353773355 1.2175
1520530839.403775215 1.0955
1520530839.453829288 1.1308
1520530839.503781796 1.0201
1520530839.553782940 1.1481
1520530839.603785038 1.0388
1520530839.653786182 1.2331
1520530839.703788042 1.0634
1520530839.753789902 1.0882
1520530839.803791046 1.0692
1520530839.853792906 1.1713
1520530839.903963327 1.0064
1520530839.953965425 1.1996
1520530840.003966570 1.0365
1520530840.053968430 1.1015
1520530840.103969574 1.1898
1520530840.153971434 1.1376
1520530840.203973293 1.0634
1520530840.253974438 1.0203
1520530840.304033995 0.9118
1520530840.354035139 0.9313
1520530840.404038191 1.0130
1520530840.454039097 0.8865
1520530840.504041195 0.9684
1520530840.554042101 0.9981
1520530840.604043245 0.9753
1520530840.654045105 1.0037
1520530840.704046011 0.9722
1520530840.753756762 0.8168
1520530840.803757906 0.8442
1520530840.853759766 1.0808
1520530840.903761864 1.0349
1520530840.953762770 0.9980
1520530841.003764629 1.0904
1520530841.053775787 1.1939
1520530841.103767872 1.0719
1520530841.153441191 0.8699
1520530841.203443289 0.8063
1520530841.253444433 0.9100
1520530841.303446293 1.0041
1520530841.353448153 1.0840
1520530841.403449297 1.2197
1520530841.453451157 1.0295
1520530841.503452301 1.1514
1520530841.553540707 1.2342
1520530841.603541613 1.0244
1520530841.653543711 1.0198
1520530841.703545570 1.1223
1520530841.753546476 1.1479
1520530841.803548574 1.1033
1520530841.853549480 1.1376
1520530841.903551579 0.9589
1520530841.953866005 0.9869
1520530842.003867865 0.8735
1520530842.053869724 0.8945
1520530842.103870869 0.8358
1520530842.153872967 0.8883
1520530842.203874111 0.9492
1520530842.253875971 0.8891
1520530842.303877831 0.9381
1520530842.353804350 1.0661
1520530842.403806210 0.9802
1520530842.453807116 0.9983
1520530842.503809214 0.8864
1520530842.553810120 0.9579
1520530842.603811979 0.9216
1520530842.653813362 0.8643
1520530842.703815222 0.8858
1520530842.753816366 0.9406
1520530842.803919315 0.8608
1520530842.853920460 0.9582
1520530842.903922319 0.9164
1520530842.953924417 0.8556
1520530843.003925562 0.9071
1520530843.053927422 0.8671
1520530843.103928328 0.8968
1520530843.153930426 0.9609
1520530843.203974724 0.9875
1520530843.253976583 1.0255
1520530843.303977728 1.0166
1520530843.353979588 0.9266
1520530843.403981686 0.9856
1520530843.453982830 0.9712
1520530843.503984690 0.9413
1520530843.553985834 1.0416
1520530843.603940248 0.9704
1520530843.653942585 1.0367
1520530843.703944445 1.0728
1520530843.753945351 1.0240
1520530843.803946495 1.0689
1520530843.853949547 1.0745
1520530843.903950691 1.0820
1520530843.953951597 1.0789
1520530844.003965139 1.1296
1520530844.053963184 1.1031
1520530844.103965282 1.0863
1520530844.153966427 1.0946
1520530844.203968287 1.0894
1520530844.253969431 1.0246
1520530844.304044247 1.0379
1520530844.353972197 0.9468
1520530844.403861761 1.0145
1520530844.453862906 1.0123
1520530844.503864765 1.0497
1520530844.553865910 0.9436
1520530844.603868008 0.9498
1520530844.653869867 0.9047
1520530844.703871012 0.9573
1520530844.753872871 0.9294
1520530844.804014921 0.8810
1520530844.854016781 0.9755
1520530844.904017925 0.9869
1520530844.954019785 0.9528
1520530845.004021645 0.9785
1520530845.054023027 1.0802
1520530845.104024887 1.0528
1520530845.154025793 1.0680
1520530845.204027891 1.0533
1520530845.254548788 1.0759
1520530845.304550648 1.0590
1520530845.354551792 0.9857
1520530845.404552698 1.1211
1520530845.454554558 1.1490
1520530845.504555702 1.2363
1520530845.554557800 1.1314
1520530845.604559898 1.2518
1520530845.654413939 0.9871
1520530845.704415083 1.0877
1520530845.754415989 0.9543
1520530845.804417849 0.9969
1520530845.854418993 1.0496
1520530845.904448748 1.1023
1520530845.954421759 1.1850
1520530846.004423857 1.0714
1520530846.054295778 1.0765
1520530846.104297638 0.8863
1520530846.154298782 0.9649
1520530846.204300880 1.0047
1520530846.254302740 1.0037
1520530846.304303885 1.0592
1520530846.354305744 1.1255
1520530846.404306889 0.9648
1520530846.454087734 1.0448
1520530846.504088879 0.8593
1520530846.554090738 0.9369
1520530846.604092598 0.9868
1520530846.654093742 1.1299
1520530846.704095840 0.9772
1520530846.754096985 1.0709
1520530846.804098845 1.0407
1520530846.853992462 1.0444
1520530846.903994560 0.8807
1520530846.953995466 0.9094
1520530847.003997803 0.8808
1520530847.053999662 0.9424
1520530847.104000568 1.0307
1520530847.154001713 1.0646
1520530847.204005718 1.1870
1520530847.254088402 1.2421
1520530847.304090738 1.0847
1520530847.354091406 0.9723
1520530847.404093504 1.0969
1520530847.454094648 1.1236
1520530847.504096508 1.0601
1520530847.554097414 1.0596
1520530847.604099512 1.0585
1520530847.654100418 1.0862
1520530847.704269648 0.9501
1520530847.754270792 0.9181
1520530847.804272652 0.9580
1520530847.854274511 1.0650
1520530847.904275656 1.0887
1520530847.954277515 1.1044
1520530848.004278898 1.0537
1520530848.054280758 0.9727
1520530848.104164600 1.0368
1520530848.154166460 0.9069
1520530848.204168558 0.9781
1520530848.254169703 0.8643
1520530848.304171562 0.9678
1520530848.354172468 0.9860
1520530848.404174566 1.0106
1520530848.454176426 0.9902
1520530848.503816128 1.0352
1520530848.553818226 0.8067
1520530848.603819370 1.0946
1520530848.653821230 1.3769
1520530848.703822136 1.0737
1520530848.753824234 1.1527
1520530848.803826094 1.0199
1520530848.853827238 1.1155
1520530848.903765440 0.9925
1520530848.953767776 0.8628
1520530849.003768682 0.9410
1520530849.053775549 1.0911
1520530849.103771687 1.1486
1520530849.153861523 1.2110
1520530849.203774452 1.0636
1520530849.253775597 1.1894
1520530849.304012299 1.1946
1520530849.354014397 1.0271
1520530849.404015303 0.8715
1520530849.454017162 0.9267
1520530849.504018545 0.8310
1520530849.554020405 0.9719
1520530849.604021311 0.9976
1520530849.654023409 0.9764
1520530849.704024315 1.0329
1520530849.754075050 0.9680
1520530849.804077148 0.9173
1520530849.854078293 0.9812
1520530849.904080153 0.9403
1520530849.954081059 0.8794
1520530850.004083157 0.9504
1520530850.054084063 1.0330
1520530850.104087114 0.9516
1520530850.154247284 0.9251
1520530850.204247952 1.0102
1520530850.254250050 0.9727
1520530850.304252148 0.9463
1520530850.354254007 0.9004
1520530850.404256105 0.7373
1520530850.454256058 0.8282
1520530850.504258156 0.9458
1520530850.554295063 0.8812
1520530850.604296923 0.9625
1520530850.654297829 0.9502
1520530850.704299927 1.0319
1520530850.754339933 0.9396
1520530850.804302931 0.9320
1520530850.854304075 0.9574
1520530850.904305935 1.0680
1520530850.954236984 0.9605
1520530851.004238844 0.9627
1520530851.054240942 0.9739
1520530851.104241848 0.9307
1520530851.154244184 0.9495
1520530851.204245090 0.9613
1520530851.254246950 0.9540
1520530851.304248095 0.9435
1520530851.354319811 1.0948
1520530851.404321909 1.0695
1520530851.454323053 1.1017
1520530851.504324913 1.1139
1520530851.554325819 1.1445
1520530851.604327917 1.0099
1520530851.654328823 0.9959
1520530851.704330683 1.0122
1520530851.754292250 1.1358
1520530851.804294109 1.1287
1520530851.854296207 1.0364
1520530851.904297113 1.0074
1520530851.954298019 0.9823
1520530852.004300356 0.9744
1520530852.054301262 0.9077
1520530852.104303360 0.9318
1520530852.154304266 0.8931
1520530852.204151154 0.9796
1520530852.254152298 0.9264
1520530852.304154158 0.9830
1520530852.354155064 0.9885
1520530852.404157162 0.9784
1520530852.454158068 0.8354
1520530852.504159927 0.8040
1520530852.554161072 0.8234
1520530852.604380131 0.9970
1520530852.654381990 0.9609
1520530852.704382896 0.9486
1520530852.754385233 0.8404
1520530852.804386139 0.8724
1520530852.854387999 0.8363
1520530852.904389143 0.9118
1520530852.954391003 0.9340
1520530853.004533291 0.9085
1520530853.054534435 0.8764
1520530853.104536295 0.9739
1520530853.154537201 0.9311
1520530853.204539299 1.0306
1520530853.254540205 0.9661
1520530853.304543257 1.0616
1520530853.354544401 1.0445
1520530853.404341936 1.1556
1520530853.454342842 1.0689
1520530853.504344940 1.1074
1520530853.554346085 1.0211
1520530853.604347944 0.9845
1520530853.654348850 1.0396
1520530853.704349995 1.0223
1520530853.754352808 1.0748
1520530853.804126263 1.1033
1520530853.854123116 0.9687
1520530853.904125214 0.8868
1520530853.954126120 0.9097
1520530854.004222155 0.9840
1520530854.054129124 1.0009
1520530854.104130983 1.0682
1520530854.154132128 1.0819
1520530854.204134226 1.0058
1520530854.254028320 1.1298
1520530854.304029465 0.9010
1520530854.354031324 0.8310
1520530854.404032230 0.9686
1520530854.454034328 0.9619
1520530854.504035234 0.9191
1520530854.554037333 1.0707
1520530854.604039431 0.8331
1520530854.654197931 0.9912
1520530854.704200029 0.8094
1520530854.754200935 0.8267
1520530854.804203033 0.8833
1520530854.854204893 0.9452
1520530854.904206038 0.8968
1520530854.954207897 0.9251
1520530855.004209995 0.9239
1520530855.054454327 0.8364
1520530855.104456425 0.6522
1520530855.154457331 0.7720
1520530855.204459429 0.8896
1520530855.254460335 0.8040
1520530855.304462433 0.8277
1520530855.354463577 0.8021
1520530855.404465437 0.7779
1520530855.454261780 0.7454
1520530855.504263639 0.6880
1520530855.554264545 0.6529
1520530855.604308844 0.8019
1520530855.654267550 0.8623
1520530855.704269648 0.7982
1520530855.754270792 0.8157
1520530855.804272652 0.8696
1520530855.853945971 0.7721
1520530855.903946638 0.6694
1520530855.953948736 0.7035
1520530856.003949881 0.7838
1520530856.053951740 0.9329
1520530856.103952885 1.0564
1520530856.153954744 1.0392
1520530856.203956842 1.0690
1520530856.253995657 1.1334
1520530856.303997993 1.1561
1520530856.353999853 1.0992
1520530856.404000759 1.1644
1520530856.454001904 0.9307
1520530856.504003763 1.1759
1520530856.554005861 1.0337
1520530856.604007006 0.7915
1520530856.654008865 0.9982
1520530856.704353094 1.0187
1520530856.754354954 0.9650
1520530856.804356813 0.7960
1520530856.854357958 0.9836
1520530856.904358864 0.9158
1520530856.954360723 0.9662
1520530857.004363060 0.9071
1520530857.054363966 1.0125
1520530857.104498625 1.1226
1520530857.154500723 1.0241
1520530857.204501867 0.9278
1520530857.254502773 0.9692
1520530857.304504633 0.9545
1520530857.354506731 0.8858
1520530857.404507637 0.8957
1520530857.454509497 0.8817
1520530857.504649162 0.9148
1520530857.554651022 0.9558
1520530857.604651928 0.8930
1520530857.654654264 0.9073
1520530857.704655170 0.9488
1520530857.754657030 0.9054
1520530857.804659128 0.9544
1520530857.854660034 0.9887
1520530857.904691935 0.9067
1520530857.954693794 1.0044
1520530858.004694939 1.0001
1520530858.054695845 1.0377
1520530858.104697943 0.9900
1520530858.154700041 0.9697
1520530858.204701900 1.0965
1520530858.254702806 1.0576
1520530858.304575920 1.0208
1520530858.354578018 1.0676
1520530858.404578924 0.9878
1520530858.454581022 1.0104
1520530858.504582882 0.9593
1520530858.554583788 1.0900
1520530858.604585886 1.0068
1520530858.654592037 1.0733
1520530858.704606771 1.0714
1520530858.754607916 1.1541
1520530858.804609776 0.9607
1520530858.854706764 1.0909
1520530858.904612780 1.1544
1520530858.954613686 1.1192
1520530859.004615784 1.1026
1520530859.054617882 1.1722
1520530859.104618788 0.9902
1520530859.154594898 1.1181
1520530859.204596043 1.0377
1520530859.254597902 0.9842
1520530859.304598808 1.0561
1520530859.354600906 0.9956
1520530859.404602766 1.0210
1520530859.454603672 0.9771
1520530859.504606009 1.0391
1520530859.554533005 1.0277
1520530859.604535103 1.0516
1520530859.654536009 0.9306
1520530859.704538107 0.9631
1520530859.754539013 0.9866
1520530859.804542065 0.9576
1520530859.854543209 0.9399
1520530859.904544115 1.0090
1520530859.954867601 0.8557
1520530860.004869699 0.8605
1520530860.054871559 0.8894
1520530860.104873657 0.8237
1520530860.154873610 0.7778
1520530860.204875469 0.8144
1520530860.254876614 0.8040
1520530860.304878473 0.7980
1520530860.355013609 0.9207
1520530860.405015469 0.8675
1520530860.455060720 0.8171
1520530860.505018711 0.8663
1520530860.555019617 0.8744
1520530860.605021715 0.9394
1520530860.655023575 0.9119
1520530860.705024719 0.9333
1520530860.754849911 0.8716
1520530860.804851055 0.8793
1520530860.854852915 0.8539
1520530860.904853821 0.8312
1520530860.954855919 0.9319
1520530861.004857779 0.9311
1520530861.054858685 0.9555
1520530861.104861021 0.9115
1520530861.154861927 0.9642
1520530861.204705715 1.1445
1520530861.254708052 1.1067
1520530861.304708958 0.9498
1520530861.354710102 0.9828
1520530861.404711962 1.0749
1520530861.454713821 1.0243
1520530861.504714966 1.0498
1520530861.554716825 1.0330
1520530861.604568005 1.0138
1520530861.654568911 0.9055
1520530861.704571247 0.7995
1520530861.754571915 0.9576
1520530861.804574013 1.1248
1520530861.854575157 1.0980
1520530861.904577017 1.1017
1520530861.954577923 1.0442
1520530862.004641056 0.9814
1520530862.054642200 0.8096
1520530862.104644060 0.8329
1520530862.154645205 0.9978
1520530862.204647064 1.0881
1520530862.254649162 1.0714
1520530862.304650307 0.9906
1520530862.354652166 1.0687
1520530862.404806614 0.8842
1520530862.454808474 0.9136
1520530862.504809618 0.8382
1520530862.554811716 0.8751
1520530862.604813576 0.9098
1520530862.654814720 0.9016
1520530862.704816580 1.1455
1520530862.754817486 1.0945
1520530862.804625988 0.9454
1520530862.854626894 1.0472
1520530862.904628754 0.8397
1520530862.954629898 0.9164
1520530863.004631758 0.9765
1520530863.054633617 1.0715
1520530863.104634762 1.1371
1520530863.154636860 1.0076
1520530863.204078913 1.0472
1520530863.254079819 0.8603
1520530863.304081678 0.6700
1520530863.354083776 0.8174
1520530863.404084682 0.8997
1520530863.454085588 1.0514
1520530863.504087925 0.9769
1520530863.554088593 1.0211
1520530863.604090691 1.1231
1520530863.653908968 1.0675
1520530863.704003811 0.9273
1520530863.753911734 1.0516
1520530863.803914070 1.1087
1520530863.853915930 1.1894
1520530863.903916836 1.2786
1520530863.953918934 1.2829
1520530864.003919840 1.2079
1520530864.054670811 0.0000
1520530864.104672909 0.0000
1520530864.154673815 0.0000
1520530864.204676151 0.0000
1520530864.254677057 0.0000
1520530864.304678917 0.0000
1520530864.354680061 0.0000
1520530864.404681921 0.0000
1520530864.455241680 0.0000
1520530864.505243540 0.0000
1520530864.555244446 0.0000
1520530864.605246782 0.0000
1520530864.655248642 0.0000
1520530864.705250502 0.0000
1520530864.755251646 0.0000
1520530864.805252552 0.0000
1520530864.854247332 0.0000
1520530864.904249668 0.0000
1520530864.954250574 0.0000
1520530865.004252434 0.0000
1520530865.054254532 0.0000
1520530865.104255438 0.0000
1520530865.154261589 0.0000
1520530865.204258442 0.0000
1520530865.253918886 0.0000
1520530865.303959131 0.0000
1520530865.353922844 0.0000
1520530865.403923988 0.0000
1520530865.453925848 0.0000
1520530865.503926992 0.0000
1520530865.553928852 0.0000
1520530865.603929758 0.0000
1520530865.653932095 0.0000
1520530865.704600573 0.0000
1520530865.754602671 0.0000
1520530865.804604769 0.0000
1520530865.854605675 0.0000
1520530865.904607773 0.0000
1520530865.954608679 0.0000
1520530866.004610538 0.0000
1520530866.054612637 0.0000
1520530866.105678082 0.0000
1520530866.155680180 0.0000
1520530866.205681086 0.0000
1520530866.255683422 0.0000
1520530866.305685282 0.0000
1520530866.355687141 0.0000
1520530866.405688286 0.0000
1520530866.455689192 0.0000
1520530866.504818439 0.0000
1520530866.554819345 0.0000
1520530866.604821205 0.0000
1520530866.654822350 0.0000
1520530866.704824209 0.0000
1520530866.754826307 0.0000
1520530866.804827452 0.0000
1520530866.854828358 0.0000
1520530866.903951168 0.0000
1520530866.953953266 0.0000
1520530867.003954172 0.0000
1520530867.053956032 0.0000
1520530867.103957176 0.0000
1520530867.153959274 0.0000
1520530867.203960419 0.0000
1520530867.253962278 0.0000
1520530867.304045200 0.0000
1520530867.354047298 0.0000
1520530867.404049158 0.0000
1520530867.454050303 0.0000
1520530867.504052162 0.0000
1520530867.554054260 0.0000
1520530867.604055405 0.0000
1520530867.654056311 0.0000
1520530867.705262184 0.0000
1520530867.755264282 0.0000
1520530867.805265188 0.0000
1520530867.855267048 0.0000
1520530867.905269146 0.0000
1520530867.955270052 0.0000
1520530868.005272150 0.0000
1520530868.055273294 0.0000
1520530868.105275154 0.0000
1520530868.154267550 0.0000
1520530868.204268456 0.0000
1520530868.254269600 0.0000
1520530868.304271698 0.0000
1520530868.354272604 0.0000
1520530868.404274702 0.0000
1520530868.454276562 0.0000
1520530868.504277468 0.0000
1520530868.554019928 0.0000
1520530868.603940964 0.0000
1520530868.653942823 0.0000
1520530868.703943729 0.0000
1520530868.753945827 0.0000
1520530868.803946733 0.0000
1520530868.853948593 0.0000
1520530868.903949738 0.0000
1520530868.954710007 0.0000
1520530869.004712105 0.0000
1520530869.054713011 0.0000
1520530869.104715109 0.0000
1520530869.154716253 0.0000
1520530869.204718113 0.0000
1520530869.254719019 0.0000
1520530869.304721117 0.0000
1520530869.355246305 0.0000
1520530869.405247211 0.0000
1520530869.455249071 0.0000
1520530869.505250216 0.0000
1520530869.555252314 0.0000
1520530869.605253220 0.0000
1520530869.655255318 0.0000
1520530869.705257177 0.0000
1520530869.754108667 0.0000
1520530869.804110527 0.0000
1520530869.854111671 0.0000
1520530869.904113770 0.0000
1520530869.954115629 0.0000
1520530870.004116774 0.0000
1520530870.054117680 0.0000
1520530870.104119539 0.0000
1520530870.153995752 0.0000
1520530870.203977823 0.0000
1520530870.253979683 0.0000
1520530870.303980827 0.0000
1520530870.353982687 0.0000
1520530870.403983593 0.0000
1520530870.453985691 0.0000
1520530870.503986597 0.0000
1520530870.553988695 0.0000
1520530870.604328632 0.0000
1520530870.654329538 5.3050
1520530870.704331636 0.0000
1520530870.754332781 0.0000
1520530870.804334641 0.0000
1520530870.854335546 0.0000
1520530870.904337645 0.0000
1520530870.954338551 0.0000
1520530871.005245209 0.0000
1520530871.055247068 0.0000
1520530871.105249166 0.0000
1520530871.155250072 0.0000
1520530871.205252171 0.0000
1520530871.255253315 0.0000
1520530871.305255175 0.0000
1520530871.355257034 0.0000
1520530871.404156685 0.0000
1520530871.454157829 0.0000
1520530871.504159689 0.0000
1520530871.554161549 0.0000
1520530871.604162931 0.0000
1520530871.654163599 0.0000
1520530871.704165936 0.0000
1520530871.754167795 0.0000
1520530871.804374456 6.0224
1520530871.854376793 0.0000
1520530871.904377699 0.0000
1520530871.954379559 0.0000
1520530872.004380703 0.0000
1520530872.054382563 0.0000
1520530872.104383469 0.0000
1520530872.154385567 0.0000
1520530872.204461336 0.0000
1520530872.254462242 0.0000
1520530872.304464102 0.0000
1520530872.354465246 0.0000
1520530872.404467106 0.0000
1520530872.454468012 0.0000
1520530872.504470348 0.0000
1520530872.554471254 0.0000
1520530872.604473114 0.0000
1520530872.654145956 0.0000
1520530872.704148054 0.0000
1520530872.754149199 0.0000
1520530872.804151058 0.0000
1520530872.854152203 0.0000
1520530872.904153109 0.0000
1520530872.954155922 0.0000
1520530873.004157066 0.0000
1520530873.054336071 0.0000
1520530873.104337931 0.0000
1520530873.154339075 0.0000
1520530873.204340935 0.0000
1520530873.254342079 0.0000
1520530873.304344177 0.0000
1520530873.354346037 0.0000
1520530873.404403925 0.0000
1520530873.454876423 0.0000
1520530873.504877329 0.0000
1520530873.554879189 0.0000
1520530873.604880333 0.0000
1520530873.654882193 32.8496
1520530873.704883337 0.7454
1520530873.754885435 0.6915
1520530873.804887295 0.9841
1520530873.854907036 1.1338
1520530873.904909372 1.2039
1520530873.954910278 1.0829
1520530874.004912138 1.2138
1520530874.054913282 1.0676
1520530874.104915142 1.0145
1520530874.154917002 1.0462
1520530874.204918385 1.1134
1520530874.254431486 1.0083
1520530874.304432392 1.1183
1520530874.354434252 1.0148
1520530874.404436588 1.0579
1520530874.454437494 1.0766
1520530874.504439354 1.0649
1520530874.554441452 1.1243
1520530874.604442358 1.0853
1520530874.654208660 1.0887
1520530874.704210758 1.0025
1520530874.754211903 0.9525
1520530874.804213762 0.8859
1520530874.854215622 0.9901
1520530874.904216766 0.9701
1520530874.954218864 0.9747
1520530875.004220009 0.9394
1520530875.054221869 0.9089
1520530875.104334593 0.8869
1520530875.154336691 0.8624
1520530875.204337597 0.9351
1520530875.254339695 0.9165
1520530875.304340839 0.9473
1520530875.354342699 1.0253
1520530875.404344559 0.9739
1520530875.454345703 1.0300
