1520530731.450020313 117
1520530733.550114870 55
1520530733.600102663 72
1520530733.650104523 314
1520530736.000188351 197
1520530736.300199270 247
1520530736.500248909 188
1520530736.700254679 261
1520530736.900250196 308
1520530737.100257397 242
1520530737.400261879 223
1520530737.750184298 143
1520530737.900189161 317
1520530738.050194263 287
1520530738.150314808 124
1520530738.300313711 209
1520530738.400316715 250
1520530738.500566959 78
1520530738.550567865 311
1520530738.650571108 168
1520530738.750574112 167
1520530738.850576878 182
1520530738.900221348 31
1520530738.950223684 217
1520530739.100227594 181
1520530739.250232458 217
1520530739.350118637 122
1520530739.500123739 321
1520530739.650128603 342
1520530739.750310898 117
1520530739.900316000 347
1520530740.000319004 270
1520530740.100322008 307
1520530740.250484228 105
1520530740.400489330 263
1520530740.500492334 194
1520530740.550278187 107
1520530740.650281906 271
1520530740.750285149 234
1520530740.900290012 190
1520530740.950431824 91
1520530741.000432730 132
1520530741.100435734 159
1520530741.200438499 185
1520530741.300441504 170
1520530741.350636959 136
1520530741.500641108 270
1520530741.700647116 189
1520530741.800464153 127
1520530742.000470161 245
1520530742.150475264 295
1520530742.300341129 104
1520530742.400345087 328
1520530742.600603819 69
1520530742.650604725 423
1520530742.750608921 242
1520530742.850611687 258
1520530742.950614691 283
1520530743.050522566 157
1520530743.200442553 359
1520530743.300445795 397
1520530743.400276661 127
1520530743.500279903 485
1520530743.600282907 480
1520530743.901240826 682
1520530744.051246881 578
1520530744.151248932 414
1520530744.301206112 328
1520530744.451210022 304
1520530744.551213980 288
1520530744.651044369 230
1520530744.700966120 81
1520530744.750968218 74
1520530744.800969124 453
1520530744.900972366 398
1520530745.000976086 379
1520530745.101080179 190
1520530745.201083183 471
1520530745.251084089 578
1520530745.301086187 495
1520530745.351088047 454
1520530745.401088953 454
1520530745.451043129 394
1520530745.501044035 466
1520530745.601047993 332
1520530745.701051235 326
1520530745.801054001 382
1520530745.850826025 184
1520530745.950829983 330
1520530746.000830889 352
1520530746.050833225 350
1520530746.100834131 343
1520530746.150839090 400
1520530746.200837135 371
1520530746.250910282 384
1520530746.300487280 20
1520530746.350489140 257
1520530746.400490284 235
1520530746.450492144 276
1520530746.550495148 211
1520530746.650498390 198
1520530746.750511408 96
1520530746.850514174 58
1520530746.900516272 85
1520530746.950518370 125
1520530747.000519276 114
1520530747.050521374 106
1520530747.100689173 68
1520530747.150691271 62
1520530747.200693130 49
1520530747.250695229 60
1520530747.300696373 50
1520530747.350697279 50
1520530747.400699139 60
1520530747.450701237 73
1520530747.551335335 345
1520530747.601336479 69
1520530747.651339531 144
1520530747.701339483 240
1520530747.751341581 296
1520530747.801342487 308
1520530747.851408482 335
1520530747.901266336 281
1520530747.951268673 398
1520530748.001269579 399
1520530748.051271439 407
1520530748.101272583 356
1520530748.151274443 330
1520530748.201276302 344
1520530748.300789595 61
1520530748.350790501 271
1520530748.450793505 261
1520530748.550797224 249
1520530748.650800467 278
1520530748.700801611 405
1520530748.750571012 123
1520530748.800571918 301
1520530748.850573778 285
1520530748.900576115 286
1520530748.950576782 254
1520530749.000578880 215
1520530749.100584984 132
1520530749.200923681 305
1520530749.300926447 40
1520530749.350927591 35
1520530749.400929451 438
1520530749.500932693 212
1520530749.551299334 37
1520530749.601300240 256
1520530749.651302338 288
1520530749.701303244 319
1520530749.751305103 447
1520530749.801307440 528
1520530749.901310205 352
1520530750.001000643 116
1520530750.101003885 331
1520530750.201006889 294
1520530750.251008749 430
1520530750.301009893 408
1520530750.350639105 33
1520530750.400640965 309
1520530750.500644207 315
1520530750.600647211 252
1520530750.700654030 241
1520530750.800614834 167
1520530750.900618076 316
1520530750.950618982 314
1520530751.000621080 342
1520530751.050668955 305
1520530751.100623846 319
1520530751.150625944 300
1520530751.251261950 150
1520530751.351264954 207
1520530751.451268196 192
1520530751.551270962 261
1520530751.601708174 38
1520530751.651709080 60
1520530751.701711178 435
1520530751.801714182 359
1520530751.851716042 492
1520530751.901717186 478
1520530751.951719284 481
1520530752.001096249 27
1520530752.051097155 255
1520530752.151101112 354
1520530752.251103163 446
1520530752.351107121 351
1520530752.401229382 209
1520530752.501233339 302
1520530752.551233530 363
1520530752.601235390 358
1520530752.651273489 325
1520530752.701238632 325
1520530752.751240492 353
1520530752.801898479 36
1520530752.851900339 417
1520530752.901901484 569
1520530752.951903582 578
1520530753.001905441 560
1520530753.051906586 517
1520530753.101908445 458
1520530753.151909351 436
1520530753.201911449 426
1520530753.251553535 106
1520530753.301555634 198
1520530753.351556540 245
1520530753.401558638 148
1520530753.451560736 185
1520530753.501561642 197
1520530753.551563501 197
1520530753.601565599 217
1520530753.651035309 23
1520530753.701037407 246
1520530753.851041555 309
1520530754.101767063 273
1520530754.651726246 30
1520530754.701728344 293
1520530754.851698637 262
1520530755.001703739 457
1520530755.101706743 356
1520530755.201710939 281
1520530755.251591444 243
1520530755.351593256 310
1520530755.451596260 307
1520530755.551599264 276
1520530755.651602507 238
1520530755.701246500 91
1520530755.751247644 324
1520530755.851266623 221
1520530755.951254606 302
1520530756.051257610 243
1520530756.151241302 210
1520530756.251244068 248
1520530756.351247072 268
1520530756.451250076 184
1520530756.501374722 52
1520530756.551376820 317
1520530756.651379824 279
1520530756.801383972 212
1520530756.901524305 61
1520530756.951526165 363
1520530757.101530075 264
1520530757.201533079 333
1520530757.301300287 69
1520530757.351301432 364
1520530757.451311350 266
1520530757.551308393 273
1520530757.651311398 387
1520530757.751027346 51
1520530757.801029444 259
1520530757.951033354 274
1520530758.051036358 326
1520530758.151144505 88
1520530758.201146364 341
1520530758.301149368 245
1520530758.401153564 229
1520530758.501156330 262
1520530758.551586628 79
1520530758.601588726 409
1520530758.701591492 423
1520530758.801594734 447
1520530759.051491261 112
1520530759.201495409 311
1520530759.451667547 160
1520530759.601672411 329
1520530759.751602173 278
1520530759.951609373 387
1520530760.151616335 329
1520530760.301537991 298
1520530760.401541233 462
1520530760.501544237 576
1520530760.601489305 422
1520530760.701492548 547
1520530760.801495552 582
1520530760.901498318 572
1520530761.051378012 243
1520530761.201382875 438
1520530761.301385880 504
1520530761.401249647 198
1520530761.501252651 388
1520530761.601256371 366
1520530761.701259613 453
1520530761.801129580 183
1520530761.901133537 470
1520530762.051136494 360
1520530762.201313734 166
1520530762.351318836 398
1520530762.451321840 393
1520530762.551324606 423
1520530762.651530981 152
1520530762.751533985 348
1520530762.851536989 321
1520530762.951539993 356
1520530763.051559210 388
1520530763.301567078 300
1520530763.501562357 278
1520530763.651566267 301
1520530763.801571369 300
1520530763.851452351 128
1520530764.001456499 289
1520530764.201463223 199
1520530764.351484060 269
1520530764.501489162 201
1520530764.601492167 277
1520530764.701715469 31
1520530764.751717329 310
1520530764.901721239 193
1520530765.001725435 247
1520530765.101763248 195
1520530765.251767397 343
1520530765.501667500 61
1520530765.551565647 344
1520530765.701569557 231
1520530765.801573515 253
1520530765.901345491 80
1520530766.001348495 291
1520530766.101351500 301
1520530766.201354504 301
1520530766.301371336 306
1520530766.451376438 298
1520530766.601381302 235
1520530766.701833963 58
1520530766.751835823 349
1520530766.851839066 316
1520530766.951842070 311
1520530767.051844835 386
1520530767.151878357 315
1520530767.251881361 425
1520530767.351884365 446
1520530767.801865101 152
1520530768.001936674 222
1520530768.251944542 276
1520530768.451888561 304
1520530768.701976776 324
1520530768.951816797 261
1520530769.051819563 447
1520530769.151822567 413
1520530769.251871347 402
1520530769.351875305 460
1520530769.451878309 429
1520530769.551881313 459
1520530769.701853752 389
1520530769.901859522 347
1520530770.001660585 207
1520530770.101663589 417
1520530770.201667547 407
1520530770.301736593 373
1520530770.401531935 184
1520530770.501534939 378
1520530770.601538897 420
1520530770.751542807 342
1520530771.001617432 200
1520530771.101620436 333
1520530771.201895714 156
1520530771.301899672 293
1520530771.451904774 241
1520530771.551911592 286
1520530771.651878119 306
1520530771.801883221 266
1520530772.001888990 186
1520530772.201871872 193
1520530772.351875782 213
1520530772.501789093 122
1520530772.651794195 217
1520530772.801798344 186
1520530772.851710320 111
1520530772.951713324 273
1520530773.151720285 102
1520530773.201721430 222
1520530773.251870155 61
1520530773.301871300 286
1520530773.451876402 102
1520530773.501919270 172
1520530773.601880312 124
1520530773.701948404 75
1520530773.751950264 220
1520530773.851953506 190
1520530774.001958370 192
1520530774.201987505 148
1520530774.351992607 195
1520530774.501791954 51
1520530774.551794291 146
1520530774.651797056 203
1520530774.751800060 208
1520530774.851803064 236
1520530774.901629925 95
1520530775.001632690 190
1520530775.201638937 133
1520530775.301808119 76
1520530775.351809025 201
1520530775.451812029 185
1520530775.551815271 192
1520530775.651818037 173
1520530775.702431679 52
1520530775.752434015 198
1520530775.852437019 183
1520530775.952439785 242
1520530776.052442789 282
1520530776.202284575 154
1520530776.402290344 162
1520530776.602303505 163
1520530776.752308369 222
1520530776.902312517 275
1520530777.052345037 273
1520530777.302353144 161
1520530777.452226162 134
1520530777.602230310 176
1520530777.802134275 141
1520530777.952138186 173
1520530778.052142143 226
1520530778.152195692 229
1520530778.252198696 196
1520530778.402202606 180
1520530778.602252245 156
1520530778.702255011 185
1520530778.802258253 180
1520530778.902261257 211
1520530779.002046347 114
1520530779.052048683 164
1520530779.102049589 181
1520530779.202052593 181
1520530779.302056551 214
1520530779.401859522 132
1520530779.601868629 162
1520530779.751869678 157
1520530779.802151203 95
1520530779.902155161 178
1520530780.002157211 222
1520530780.102160215 224
1520530780.202292681 174
1520530780.302295446 215
1520530780.402298689 228
1520530780.602304697 157
1520530780.652139425 114
1520530780.852145672 143
1520530781.002150774 100
1520530781.052164555 134
1520530781.152168512 142
1520530781.252170563 148
1520530781.352173567 153
1520530781.452058554 78
1520530781.502059460 127
1520530781.652064562 137
1520530781.752067566 123
1520530781.852036953 48
1520530781.902038813 111
1520530782.002041817 153
1520530782.152045727 91
1520530782.202047825 105
1520530782.252168655 27
1520530782.302169561 99
1520530782.402172565 119
1520530782.502176523 105
1520530782.602179527 139
1520530782.652289391 81
1520530782.702290058 107
1520530782.802293301 103
1520530782.902296305 93
1520530783.002299070 102
1520530783.102149963 68
1520530783.152151823 95
1520530783.252154827 133
1520530783.352157593 128
1520530783.452160835 159
1520530783.501915693 58
1520530783.551916599 85
1520530783.601918697 84
1520530783.651919603 97
1520530783.701921463 93
1520530783.751923800 96
1520530783.801924706 94
1520530783.851926804 172
1520530783.951877356 109
1520530784.101882458 145
1520530784.201885462 108
1520530784.251886368 145
1520530784.302434206 19
1520530784.352436304 228
1520530784.452439308 294
1520530784.552441120 265
1520530784.652445078 272
1520530784.702521563 242
1520530784.802524567 351
1520530784.952529669 294
1520530785.152404785 123
1520530785.302409649 230
1520530785.502415895 232
1520530785.702474594 228
1520530786.052440882 183
1520530786.252446651 294
1520530786.452354670 225
1520530786.552357674 403
1520530786.652360439 496
1520530786.752382517 424
1520530786.852385521 408
1520530786.952388287 322
1520530787.052392483 396
1520530787.152462959 359
1520530787.302467823 312
1520530787.402470827 415
1520530787.502474785 402
1520530787.602204561 158
1520530787.702207565 365
1520530787.802210569 396
1520530787.902213573 336
1520530788.002069950 166
1520530788.102072716 321
1520530788.202076912 384
1520530788.352080822 303
1520530788.452167749 214
1520530788.602172613 303
1520530788.702175379 291
1520530788.802199125 276
1520530788.902203083 282
1520530789.002205849 279
1520530789.102209091 290
1520530789.202288151 184
1520530789.352293015 225
1520530789.502297163 217
1520530789.652355909 179
1520530789.802360773 182
1520530789.902364016 205
1520530790.052260160 87
1520530790.102262020 255
1520530790.202265024 233
1520530790.402271986 153
1520530790.502262592 197
1520530790.652266502 167
1520530790.752270699 186
1520530790.852422714 25
1520530790.902427673 202
1520530791.002427578 171
1520530791.102429628 180
1520530791.202432871 190
1520530791.252573013 61
1520530791.302574158 151
1520530791.452579021 163
1520530791.602584124 183
1520530791.702472687 105
1520530791.852477789 182
1520530792.002482653 178
1520530792.102171183 62
1520530792.152172089 203
1520530792.252176046 246
1520530792.352179289 218
1520530792.452182055 232
1520530792.502040386 101
1520530792.602042437 186
1520530792.752052546 181
1520530792.902247906 46
1520530792.952249765 180
1520530793.052253008 220
1520530793.152256012 232
1520530793.252259016 217
1520530793.302666664 92
1520530793.402669668 226
1520530793.502672672 332
1520530793.652677536 307
1520530793.852594852 169
1520530794.102647543 184
1520530794.302653551 271
1520530794.502659559 288
1520530794.702680826 276
1520530794.902687073 353
1520530795.102677345 296
1520530795.252682209 333
1520530795.402703762 321
1520530795.502706766 358
1520530795.602709770 384
1520530795.702712774 358
1520530795.802692652 388
1520530795.902695417 367
1520530796.052700520 315
1520530796.152534246 206
1520530796.252537251 325
1520530796.352540493 330
1520530796.452543497 307
1520530796.552486181 229
1520530796.652489901 286
1520530796.752493143 269
1520530796.852496147 316
1520530796.952499151 326
1520530797.052633524 202
1520530797.202637672 231
1520530797.302641630 266
1520530797.402760029 189
1520530797.502762079 245
1520530797.652766943 226
1520530797.752769947 244
1520530797.852644205 167
1520530797.952647209 221
1520530798.102652073 207
1520530798.202504635 141
1520530798.302507877 259
1520530798.452512741 196
1520530798.602414608 105
1520530798.702417612 205
1520530798.852422714 138
1520530798.952425718 194
1520530799.052339315 105
1520530799.152342319 201
1520530799.302346230 122
1520530799.452410460 88
1520530799.552413464 168
1520530799.752419233 148
1520530799.852662325 52
1520530799.902663231 186
1520530800.002666235 208
1520530800.102669239 190
1520530800.252766132 98
1520530800.402770281 101
1520530800.502774000 184
1520530800.652460575 56
1520530800.702461481 139
1520530800.852466345 105
1520530800.952469587 128
1520530801.052102566 40
1520530801.102104664 105
1520530801.202107668 118
1520530801.302110672 91
1520530801.352112532 108
1520530801.402113676 107
1520530801.502018929 75
1520530801.552020788 98
1520530801.652023792 88
1520530801.752027988 86
1520530801.852030754 115
1520530801.902304411 57
1520530801.952305317 136
1520530802.102309465 117
1520530802.252314568 102
1520530802.302571535 70
1520530802.352573395 97
1520530802.502577305 135
1520530802.702605009 132
1520530803.002614021 102
1520530803.102764130 92
1520530803.252768993 123
1520530803.502920151 75
1520530803.552922010 162
1520530803.752928019 133
1520530803.952781200 70
1520530804.002792120 90
1520530804.102786303 88
1520530804.152787209 106
1520530804.252790213 90
1520530804.302792311 86
1520530804.352735758 72
1520530804.402737617 78
1520530804.452738762 85
1520530804.502740622 94
1520530804.602743864 84
1520530804.652745724 173
1520530804.752780199 151
1520530804.852783442 143
1520530804.952786207 182
1520530805.052790165 152
1520530805.152562380 69
1520530805.202564240 126
1520530805.302567482 163
1520530805.402570486 185
1520530805.502573490 175
1520530805.602536678 160
1520530805.702538729 207
1520530805.852543831 177
1520530806.002724409 142
1520530806.152729273 189
1520530806.252732277 204
1520530806.352735281 214
1520530806.452899694 132
1520530806.552903414 162
1520530806.652906418 162
1520530806.752908468 185
1520530806.853026867 123
1520530807.003031731 181
1520530807.153036833 149
1520530807.202843189 76
1520530807.252840996 139
1520530807.402845860 145
1520530807.502849102 108
1520530807.602721453 38
1520530807.652722597 60
1520530807.702724695 112
1520530807.802727699 90
1520530807.852729559 108
1520530807.952732563 104
1520530808.002812386 29
1520530808.052814245 107
1520530808.102815390 160
1520530808.252820492 121
1520530808.402826548 159
1520530808.452991009 61
1520530808.502992153 240
1520530808.652999163 143
1520530808.753000259 208
1520530808.852989435 104
1520530808.952900410 216
1520530809.102905273 215
1520530809.252622604 28
1520530809.302624464 72
1520530809.352626324 103
1520530809.452629566 108
1520530809.502630711 106
1520530809.552632570 129
1520530809.652633905 105
1520530809.752636671 110
1520530809.852640867 109
1520530809.902641773 95
1520530809.952643871 100
1520530810.002644777 107
1520530810.053197622 20
1520530810.103198528 112
1520530810.203201532 137
1520530810.353206635 95
1520530810.403207779 123
1520530810.503276348 129
1520530810.603279114 191
1520530810.703282118 234
1520530810.803285360 303
1520530810.953263521 254
1520530811.053266764 284
1520530811.153269768 278
1520530811.303123474 210
1520530811.503130436 242
1520530811.753140926 234
1520530811.903147936 331
1520530812.053188086 320
1520530812.153108120 331
1520530812.253111124 355
1520530812.403115988 267
1520530812.553179026 180
1520530812.703184128 211
1520530812.803188324 265
1520530812.903190374 262
1520530813.003083229 167
1520530813.103086233 208
1520530813.203089476 193
1520530813.303093195 172
1520530813.402869463 103
1520530813.502872467 199
1520530813.652886629 188
1520530813.802880287 167
1520530813.902883291 161
1520530814.002886295 197
1520530814.102889299 215
1520530814.153383255 65
1520530814.203385115 185
1520530814.303388119 238
1520530814.403392076 229
1520530814.503394127 223
1520530814.603367329 232
1520530814.703370571 224
1520530814.803373337 171
1520530814.903376341 142
1520530814.953189135 63
1520530815.003187180 125
1520530815.103190184 132
1520530815.203193426 133
1520530815.353198290 85
1520530815.403064489 40
1520530815.453065395 49
1520530815.503067732 57
1520530815.553068638 99
1520530815.603070498 120
1520530815.653071642 109
1520530815.753074646 102
1520530815.803066015 89
1520530815.853068113 119
1520530815.903069258 142
1520530816.003072262 92
1520530816.053074121 123
1520530816.153077364 88
1520530816.203195095 16
1520530816.253196239 131
1520530816.303198099 150
1520530816.403201342 123
1520530816.503205061 126
1520530816.553205252 176
1520530816.603259802 89
1520530816.653261900 148
1520530816.753264904 162
1520530816.853267670 180
1520530817.002976418 54
1520530817.052977562 99
1520530817.152980566 109
1520530817.252983570 93
1520530817.302985430 108
1520530817.352986574 120
1520530817.452914715 61
1520530817.502915621 75
1520530817.552917719 69
1520530817.602919579 51
1520530817.652920485 56
1520530817.702921629 45
1520530817.752923727 40
1520530817.802925587 32
1520530817.903492689 214
1520530817.953494549 42
1520530818.003496408 41
1520530818.053497553 284
1520530818.153500557 207
1520530818.253752947 99
1520530818.353755951 330
1520530818.453758955 361
1520530818.553761721 351
1520530818.653602362 200
1520530818.753605366 407
1520530818.903610468 410
1520530819.153457642 163
1520530819.403465748 279
1520530819.553365469 237
1520530819.653368473 526
1520530819.753374577 497
1520530819.853374481 511
1520530819.953331709 411
1520530820.053329945 506
1520530820.203334808 396
1520530820.303466558 256
1520530820.453470469 433
1520530820.553473473 428
1520530820.653477669 509
1520530820.753378868 315
1520530820.853381872 477
1520530820.903382778 503
1520530820.953384638 523
1520530821.053388834 436
1520530821.153219938 174
1520530821.303223848 349
1520530821.453228712 353
1520530821.603487253 121
1520530821.753491163 421
1520530821.853494167 489
1520530821.953847647 149
1520530822.053850651 400
1520530822.153853655 434
1520530822.253857613 395
1520530822.353642702 202
1520530822.503646612 378
1520530822.653652668 342
1520530822.753499985 167
1520530822.903504848 309
1520530823.003507853 314
1520530823.103511095 327
1520530823.153322220 113
1520530823.253325224 378
1520530823.403330326 286
1520530823.553307533 184
1520530823.703312635 299
1520530823.853317738 240
1520530823.953421116 65
1520530824.003422022 366
1520530824.153426886 176
1520530824.253430128 282
1520530824.403522968 95
1520530824.453525066 307
1520530824.653530836 205
1520530824.803378105 100
1520530824.903381109 293
1520530825.003384113 342
1520530825.103387117 348
1520530825.203181982 80
1520530825.253183126 384
1520530825.353186131 250
1520530825.453190088 279
1520530825.553193331 321
1520530825.653214931 302
1520530825.753217936 311
1520530825.853221178 250
1520530825.953224897 236
1520530826.053935289 227
1520530826.103938341 38
1520530826.153939486 32
1520530826.203940392 328
1520530826.303944349 293
1520530826.404023409 209
1520530826.504024982 354
1520530826.604029179 423
1520530826.754033089 354
1520530826.903660774 152
1520530827.103667021 393
1520530827.253637075 373
1520530827.403642178 437
1520530827.503645182 514
1520530827.603647947 453
1520530827.703594923 423
1520530827.803598166 483
1520530827.903600216 504
1520530828.003604174 531
1520530828.153593063 368
1520530828.253578901 486
1520530828.353582144 467
1520530828.453457832 258
1520530828.553461075 410
1520530828.653464794 411
1520530828.753467798 416
1520530828.903293371 159
1520530829.053297520 369
1520530829.203302383 367
1520530829.303629160 97
1520530829.403632164 444
1520530829.503634930 504
1520530829.603639126 421
1520530829.653640032 487
1520530829.704049587 139
1520530829.804053545 385
1520530829.904056549 416
1520530830.004059553 428
1520530830.103815317 201
1520530830.203818321 405
1520530830.353823185 279
1520530830.453826189 379
1520530830.553617954 124
1520530830.653620720 366
1520530830.753624916 293
1520530830.853627920 246
1520530830.903462410 112
1520530831.003466606 283
1520530831.153470516 169
1520530831.253473520 274
1520530831.353523970 138
1520530831.453526974 277
1520530831.603532076 157
1520530831.703535080 198
1520530831.753732681 41
1520530831.803734541 280
1520530831.903737545 209
1520530832.003740788 263
1520530832.153733492 212
1520530832.303738356 282
1520530832.503744364 227
1520530832.553491354 69
1520530832.603493690 341
1520530832.703496456 307
1520530832.803498507 316
1520530832.903501511 299
1520530832.953346491 88
1520530833.003408432 345
1520530833.103351593 224
1520530833.203354359 284
1520530833.303357363 282
1520530833.353605747 115
1520530833.453608513 274
1520530833.553611517 276
1520530833.653614521 228
1520530833.753617525 142
1520530833.854357243 316
1520530833.904359102 48
1520530833.954361200 50
1520530834.004362345 278
1520530834.104366064 294
1520530834.154367208 418
1520530834.254152775 187
1520530834.354155779 390
1520530834.504159689 338
1520530834.753887415 118
1520530834.903892517 371
1520530835.053850174 335
1520530835.203854322 351
1520530835.303858280 445
1520530835.453752518 259
1520530835.653759480 341
1520530835.853783607 331
1520530835.953786373 472
1520530836.053789377 479
1520530836.153792620 436
1520530836.253842592 305
1520530836.303844690 446
1520530836.353845835 534
1520530836.453848600 441
1520530836.553852558 472
1520530836.653644085 193
1520530836.753647089 395
1520530836.853649855 405
1520530836.953653097 378
1520530837.053571224 193
1520530837.153575182 408
1520530837.253578186 354
1520530837.353581429 400
1520530837.453924179 72
1520530837.503925085 518
1520530837.603929043 483
1520530837.703931093 413
1520530837.854232311 186
1520530838.004141331 369
1520530838.104144335 398
1520530838.204147100 404
1520530838.354107141 297
1520530838.454110146 378
1520530838.554113388 321
1520530838.654116154 327
1520530838.753938437 124
1520530838.853942156 405
1520530839.003947258 291
1520530839.103765249 102
1520530839.203769445 298
1520530839.353773355 177
1520530839.453829288 216
1520530839.553782940 191
1520530839.653786182 165
1520530839.753789902 182
1520530839.853792906 200
1520530839.903963327 47
1520530839.953965425 338
1520530840.103969574 175
1520530840.203973293 244
1520530840.304033995 72
1520530840.354035139 243
1520530840.454039097 224
1520530840.554042101 240
1520530840.654045105 245
1520530840.753756762 69
1520530840.803757906 275
1520530840.903761864 199
1520530841.003764629 231
1520530841.103767872 177
1520530841.153441191 59
1520530841.203443289 322
1520530841.303446293 214
1520530841.403449297 193
1520530841.503452301 182
1520530841.553540707 119
1520530841.603541613 327
1520530841.703545570 213
1520530841.803548574 235
1520530841.853549480 320
1520530841.903551579 331
1520530841.953866005 96
1520530842.053869724 328
1520530842.203874111 294
1520530842.453807116 163
1520530842.603811979 301
1520530842.753816366 368
1520530842.903922319 269
1520530843.003925562 441
1520530843.153930426 407
1520530843.303977728 382
1520530843.453982830 443
1520530843.603940248 373
1520530843.703944445 457
1520530843.803946495 421
1520530843.903950691 369
1520530844.003965139 331
1520530844.053963184 436
1520530844.103965282 516
1520530844.203968287 389
1520530844.304044247 416
1520530844.403861761 215
1520530844.503864765 389
1520530844.653869867 317
1520530844.753872871 404
1520530844.854016781 179
1520530844.954019785 388
1520530845.054023027 413
1520530845.154025793 402
1520530845.204027891 481
1520530845.254548788 48
1520530845.304550648 442
1520530845.404552698 377
1520530845.504555702 352
1520530845.604559898 353
1520530845.704415083 215
1520530845.854418993 346
1520530845.954421759 314
1520530846.054295778 166
1520530846.154298782 331
1520530846.254302740 251
1520530846.354305744 278
1520530846.454087734 90
1520530846.504088879 344
1520530846.654093742 268
1520530846.853992462 67
1520530846.903994560 296
1520530847.104000568 174
1520530847.254088402 66
1520530847.304090738 251
1520530847.404093504 190
1520530847.504096508 180
1520530847.654100418 188
1520530847.704269648 62
1520530847.754270792 236
1520530847.854274511 226
1520530848.004278898 230
1520530848.104164600 116
1520530848.204168558 252
1520530848.304171562 254
1520530848.404174566 238
1520530848.503816128 38
1520530848.553818226 132
1520530848.653821230 309
1520530848.753824234 286
1520530848.853827238 225
1520530848.953767776 98
1520530849.003768682 141
1520530849.103771687 107
1520530849.153861523 163
1520530849.253775597 83
1520530849.304012299 42
1520530849.354014397 119
1520530849.454017162 145
1520530849.554020405 168
1520530849.654023409 210
1520530849.754075050 158
1520530849.904080153 153
1520530850.104087114 177
1520530850.354254007 127
1520530850.504258156 232
1520530850.604296923 279
1520530850.704299927 351
1520530850.804302931 291
1520530850.904305935 323
1520530851.054240942 269
1520530851.204245090 265
1520530851.354319811 238
1520530851.454323053 218
1520530851.554325819 218
1520530851.654328823 225
1520530851.754292250 182
1520530851.804294109 213
1520530851.854296207 210
1520530851.904297113 243
1520530852.004300356 169
1520530852.104303360 170
1520530852.204151154 111
1520530852.304154158 135
1520530852.404157162 149
1520530852.504159927 145
1520530852.604380131 119
1520530852.704382896 162
1520530852.804386139 170
1520530852.904389143 227
1520530853.004533291 164
1520530853.104536295 186
1520530853.204539299 190
1520530853.304543257 199
1520530853.404341936 102
1520530853.504344940 124
1520530853.654348850 114
1520530853.754352808 125
1520530853.804126263 58
1520530853.854123116 92
1520530853.954126120 124
1520530854.054129124 123
1520530854.154132128 105
1520530854.204134226 115
1520530854.254028320 50
1520530854.304029465 163
1520530854.454034328 101
1520530854.554037333 153
1520530854.654197931 49
1520530854.704200029 182
1520530854.854204893 158
1520530855.004209995 132
1520530855.054454327 58
1520530855.104456425 130
1520530855.204459429 157
1520530855.304462433 143
1520530855.404465437 146
1520530855.454261780 62
1520530855.504263639 133
1520530855.704269648 99
1520530855.804272652 105
1520530855.853945971 43
1520530855.903946638 114
1520530856.003949881 105
1520530856.103952885 77
1520530856.153954744 92
1520530856.253995657 68
1520530856.303997993 53
1520530856.353999853 54
1520530856.404000759 104
1520530856.504003763 105
1520530856.554005861 172
1520530856.654008865 177
1520530856.704353094 65
1520530856.754354954 170
1520530856.854357958 264
1520530856.954360723 258
1520530857.054363966 251
1520530857.154500723 172
1520530857.304504633 255
1520530857.454509497 249
1520530857.554651022 229
1520530857.704655170 302
1520530857.854660034 323
1520530858.054695845 301
1520530858.204701900 336
1520530858.354578018 247
1520530858.454581022 386
1520530858.554583788 362
1520530858.654592037 268
1520530858.754607916 284
1520530858.904612780 186
1520530859.054617882 196
1520530859.204596043 216
1520530859.304598808 266
1520530859.404602766 218
1520530859.504606009 219
1520530859.604535103 132
1520530859.704538107 121
1520530859.804542065 146
1520530859.904544115 176
1520530859.954867601 92
1520530860.054871559 185
1520530860.154873610 213
1520530860.304878473 209
1520530860.355013609 196
1520530860.455060720 187
1520530860.555019617 199
1520530860.655023575 182
1520530860.754849911 114
1520530860.854852915 147
1520530860.954855919 155
1520530861.054858685 171
1520530861.204705715 76
1520530861.254708052 127
1520530861.404711962 133
1520530861.504714966 128
1520530861.604568005 42
1520530861.654568911 137
1520530861.804574013 133
1520530861.904577017 120
1520530862.004641056 52
1520530862.054642200 139
1520530862.204647064 142
1520530862.354652166 102
1520530862.404806614 48
1520530862.454808474 108
1520530862.554811716 99
1520530862.654814720 122
1520530862.754817486 76
1520530862.804625988 37
1520530862.854626894 51
1520530862.904628754 56
1520530862.954629898 59
1520530863.004631758 58
1520530863.054633617 60
1520530863.104634762 81
1520530863.154636860 80
1520530863.204078913 16
1520530863.254079819 43
1520530863.304081678 81
1520530863.354083776 91
1520530863.454085588 78
1520530863.504087925 80
1520530863.554088593 69
1520530863.604090691 79
1520530863.653908968 46
1520530863.704003811 107
1520530863.753911734 112
1520530863.803914070 136
1520530863.853915930 192
1520530863.953918934 79
1520530864.003919840 100
1520530864.104672909 292
1520530864.204676151 215
1520530864.304678917 226
1520530864.404681921 218
1520530864.505243540 309
1520530864.605246782 225
1520530864.705250502 243
1520530864.805252552 334
1520530864.904249668 86
1520530865.004252434 83
1520530865.104255438 81
1520530865.204258442 93
1520530865.303959131 47
1520530865.403923988 68
1520530865.503926992 107
1520530865.603929758 474
1520530865.704600573 381
1520530865.804604769 329
1520530865.904607773 295
1520530866.004610538 211
1520530866.105678082 162
1520530866.205681086 139
1520530866.305685282 119
1520530866.405688286 100
1520530866.504818439 205
1520530866.604821205 298
1520530866.704824209 428
1520530866.804827452 407
1520530866.903951168 94
1520530867.003954172 80
1520530867.103957176 54
1520530867.203960419 53
1520530867.304045200 46
1520530867.404049158 60
1520530867.504052162 66
1520530867.604055405 75
1520530867.705262184 252
1520530867.805265188 202
1520530867.905269146 142
1520530868.005272150 287
1520530868.105275154 338
1520530868.204268456 43
1520530868.304271698 66
1520530868.404274702 122
1520530868.504277468 87
1520530868.603940964 39
1520530868.703943729 40
1520530868.803946733 41
1520530868.903949738 338
1520530869.004712105 233
1520530869.104715109 244
1520530869.204718113 232
1520530869.304721117 161
1520530869.405247211 148
1520530869.505250216 247
1520530869.605253220 331
1520530869.705257177 474
1520530869.804110527 93
1520530869.904113770 101
1520530870.004116774 93
1520530870.104119539 121
1520530870.203977823 117
1520530870.303980827 56
1520530870.403983593 60
1520530870.503986597 609
1520530870.604328632 501
1520530870.754332781 358
1520530870.854335546 106
1520530870.954338551 97
1520530871.055247068 296
1520530871.155250072 250
1520530871.255253315 256
1520530871.355257034 237
1520530871.454157829 58
1520530871.554161549 48
1520530871.654163599 54
1520530871.754167795 61
1520530871.904377699 76
1520530872.004380703 45
1520530872.104383469 116
1520530872.204461336 124
1520530872.304464102 151
1520530872.404467106 150
1520530872.504470348 164
1520530872.604473114 125
1520530872.704148054 98
1520530872.804151058 95
1520530872.904153109 76
1520530873.004157066 59
1520530873.104337931 48
1520530873.204340935 52
1520530873.304344177 71
1520530873.404403925 67
1520530873.504877329 113
1520530873.604880333 342
1520530873.654882193 42
1520530873.704883337 37
1520530873.754885435 198
1520530873.804887295 234
1520530873.854907036 157
1520530873.904909372 258
1520530873.954910278 261
1520530874.004912138 225
1520530874.054913282 216
1520530874.104915142 237
1520530874.204918385 203
1520530874.254431486 48
1520530874.304432392 330
1520530874.454437494 275
1520530874.554441452 217
1520530874.654208660 73
1520530874.704210758 289
1520530874.854215622 216
1520530875.104334593 69
1520530875.154336691 359
1520530875.454345703 139
