1520530731.450020313 117
1520530733.550114870 55
1520530733.600102663 72
1520530733.650104523 314
1520530736.000188351 191
1520530736.250198126 272
1520530736.500248909 175
1520530736.700254679 251
1520530736.900250196 223
1520530737.100257397 242
1520530737.400261879 172
1520530737.700183392 138
1520530737.850187302 349
1520530738.000192165 250
1520530738.100307703 129
1520530738.200310707 285
1520530738.350315809 164
1520530738.450318575 182
1520530738.500566959 89
1520530738.550567865 320
1520530738.650571108 240
1520530738.750574112 147
1520530738.850576878 182
1520530738.900221348 26
1520530738.950223684 292
1520530739.100227594 273
1520530739.300234556 239
1520530739.400120497 137
1520530739.550125599 359
1520530739.650128603 420
1520530739.850406170 98
1520530739.950318098 395
1520530740.050321102 365
1520530740.150481224 199
1520530740.300486088 484
1520530740.450489998 399
1520530740.550278187 138
1520530740.650281906 346
1520530740.750285149 400
1520530740.900290012 378
1520530741.000432730 173
1520530741.100435734 360
1520530741.200438499 299
1520530741.300441504 252
1520530741.400638103 129
1520530741.650645971 300
1520530741.750648975 309
1520530741.950468063 145
1520530742.100473166 426
1520530742.250339985 152
1520530742.500348091 298
1520530742.600603819 116
1520530742.700606823 401
1520530742.800609827 261
1520530742.900612831 289
1520530743.000436783 186
1520530743.150441647 451
1520530743.250444889 488
1520530743.350447655 442
1520530743.450277805 111
1520530743.550281048 453
1520530743.650283813 561
1520530743.901240826 682
1520530744.051246881 578
1520530744.151248932 414
1520530744.301206112 328
1520530744.451210022 304
1520530744.551213980 288
1520530744.651044369 230
1520530744.700966120 81
1520530744.750968218 74
1520530744.800969124 453
1520530744.900972366 398
1520530745.000976086 392
1520530745.101080179 189
1520530745.201083183 487
1520530745.251084089 596
1520530745.301086187 490
1520530745.351088047 477
1520530745.401088953 453
1520530745.451043129 393
1520530745.551045895 341
1520530745.651048899 293
1520530745.751053095 366
1520530745.850826025 153
1520530745.950829983 311
1520530746.000830889 339
1520530746.050833225 333
1520530746.100834131 340
1520530746.150839090 387
1520530746.200837135 408
1520530746.250910282 437
1520530746.300487280 23
1520530746.350489140 219
1520530746.400490284 275
1520530746.450492144 285
1520530746.550495148 226
1520530746.650498390 101
1520530746.750511408 161
1520530746.850514174 214
1520530746.900516272 267
1520530746.950518370 236
1520530747.000519276 219
1520530747.050521374 164
1520530747.100689173 58
1520530747.150691271 45
1520530747.200693130 38
1520530747.250695229 50
1520530747.300696373 44
1520530747.350697279 116
1520530747.450701237 110
1520530747.501333475 19
1520530747.551335335 69
1520530747.601336479 127
1520530747.651339531 138
1520530747.701339483 174
1520530747.751341581 198
1520530747.801342487 188
1520530747.851408482 180
1520530747.901266336 118
1520530747.951268673 220
1520530748.001269579 209
1520530748.051271439 190
1520530748.101272583 173
1520530748.151274443 107
1520530748.201276302 130
1520530748.300789595 25
1520530748.350790501 129
1520530748.450793505 346
1520530748.550797224 314
1520530748.650800467 325
1520530748.700801611 397
1520530748.750571012 134
1520530748.800571918 318
1520530748.850573778 318
1520530748.900576115 306
1520530748.950576782 328
1520530749.000578880 346
1520530749.050580978 384
1520530749.150922537 108
1520530749.250924587 308
1520530749.350927591 320
1520530749.450988531 234
1520530749.551299334 18
1520530749.601300240 103
1520530749.651302338 144
1520530749.701303244 148
1520530749.751305103 136
1520530749.801307440 133
1520530749.901310205 89
1520530749.950998783 67
1520530750.001000643 119
1520530750.101003885 146
1520530750.201006889 160
1520530750.251008749 181
1520530750.301009893 230
1520530750.350639105 32
1520530750.400640965 130
1520530750.500644207 145
1520530750.600647211 174
1520530750.700654030 159
1520530750.800614834 150
1520530750.900618076 78
1520530750.950618982 108
1520530751.000621080 125
1520530751.050668955 121
1520530751.100623846 103
1520530751.150625944 54
1520530751.251261950 150
1520530751.351264954 207
1520530751.451268196 192
1520530751.551270962 261
1520530751.601708174 38
1520530751.651709080 60
1520530751.701711178 435
1520530751.801714182 359
1520530751.851716042 492
1520530751.901717186 478
1520530751.951719284 481
1520530752.001096249 27
1520530752.051097155 255
1520530752.151101112 354
1520530752.251103163 431
1520530752.351107121 365
1520530752.401229382 189
1520530752.501233339 300
1520530752.551233530 369
1520530752.601235390 341
1520530752.651273489 365
1520530752.701238632 376
1520530752.751240492 382
1520530752.801898479 44
1520530752.851900339 395
1520530752.901901484 505
1520530752.951903582 530
1520530753.001905441 571
1520530753.051906586 517
1520530753.101908445 459
1520530753.151909351 425
1520530753.201911449 457
1520530753.251553535 140
1520530753.301555634 272
1520530753.351556540 271
1520530753.401558638 263
1520530753.451560736 212
1520530753.501561642 178
1520530753.551563501 224
1520530753.601565599 220
1520530753.651035309 26
1520530753.701037407 192
1520530753.851041555 339
1520530754.101767063 273
1520530754.651726246 30
1520530754.701728344 293
1520530754.851698637 262
1520530755.001703739 457
1520530755.101706743 335
1520530755.201710939 271
1520530755.251591444 221
1520530755.351593256 290
1520530755.451596260 305
1520530755.551599264 294
1520530755.651602507 275
1520530755.701246500 85
1520530755.751247644 378
1520530755.851266623 275
1520530756.001255512 249
1520530756.101238966 246
1520530756.201243162 294
1520530756.301246166 222
1520530756.401248932 196
1520530756.501374722 37
1520530756.551376820 313
1520530756.651379824 308
1520530756.801383972 254
1520530756.901524305 64
1520530756.951526165 359
1520530757.101530075 298
1520530757.201533079 369
1520530757.301300287 73
1520530757.351301432 363
1520530757.451311350 252
1520530757.551308393 240
1520530757.651311398 397
1520530757.751027346 50
1520530757.801029444 369
1520530757.951033354 281
1520530758.051036358 327
1520530758.151144505 100
1520530758.201146364 356
1520530758.301149368 275
1520530758.401153564 254
1520530758.501156330 280
1520530758.551586628 79
1520530758.601588726 409
1520530758.701591492 420
1520530758.801594734 480
1520530759.051491261 121
1520530759.201495409 313
1520530759.451667547 156
1520530759.601672411 344
1520530759.751602173 281
1520530759.951609373 401
1520530760.151616335 332
1520530760.301537991 310
1520530760.401541233 436
1520530760.501544237 502
1520530760.601489305 404
1520530760.701492548 479
1520530760.801495552 589
1520530760.901498318 562
1520530761.051378012 270
1520530761.251383781 377
1520530761.351386786 484
1520530761.451251507 183
1520530761.551254511 379
1520530761.651258707 407
1520530761.751261711 406
1520530761.851130486 201
1520530762.001135349 414
1520530762.201313734 148
1520530762.351318836 313
1520530762.451321840 374
1520530762.551324606 377
1520530762.651530981 157
1520530762.751533985 342
1520530762.851536989 337
1520530762.951539993 351
1520530763.051559210 380
1520530763.301567078 270
1520530763.501562357 264
1520530763.651566267 335
1520530763.801571369 316
1520530763.851452351 109
1520530763.951455116 379
1520530764.101459265 223
1520530764.301483154 260
1520530764.501489162 190
1520530764.651494026 188
1520530764.701715469 32
1520530764.751717329 333
1520530764.901721239 201
1520530765.001725435 275
1520530765.101763248 196
1520530765.251767397 305
1520530765.501667500 52
1520530765.551565647 323
1520530765.701569557 255
1520530765.801573515 278
1520530765.901345491 76
1520530765.951346397 339
1520530766.051349401 269
1520530766.151352644 279
1520530766.251356363 285
1520530766.401375532 227
1520530766.551379442 278
1520530766.701833963 19
1520530766.751835823 367
1520530766.851839066 343
1520530766.951842070 357
1520530767.051844835 451
1520530767.151878357 402
1520530767.251881361 491
1520530767.401886463 379
1520530767.751863241 198
1520530767.951935530 227
1520530768.201943636 315
1520530768.401886702 282
1520530768.651894808 361
1520530768.901814461 218
1520530769.051819563 492
1520530769.151822567 487
1520530769.251871347 471
1520530769.351875305 490
1520530769.451878309 495
1520530769.551881313 560
1520530769.701853752 466
1520530769.901859522 364
1520530770.001660585 224
1520530770.101663589 504
1520530770.201667547 433
1520530770.301736593 418
1520530770.401531935 185
1520530770.501534939 411
1520530770.601538897 387
1520530770.751542807 366
1520530771.001617432 193
1520530771.101620436 410
1520530771.201895714 156
1520530771.301899672 399
1520530771.451904774 312
1520530771.551911592 362
1520530771.651878119 309
1520530771.801883221 326
1520530772.001888990 271
1520530772.201871872 242
1520530772.351875782 298
1520530772.501789093 141
1520530772.601792336 386
1520530772.751797199 265
1520530772.851710320 126
1520530772.951713324 411
1520530773.151720285 136
1520530773.251870155 84
1520530773.301871300 406
1520530773.451876402 147
1520530773.501919270 280
1520530773.651882172 130
1520530773.701948404 149
1520530773.801952362 273
1520530773.901955366 283
1520530774.051959276 244
1520530774.251989603 178
1520530774.451995373 216
1520530774.501791954 61
1520530774.551794291 272
1520530774.651797056 198
1520530774.751800060 193
1520530774.851803064 303
1520530774.901629925 100
1520530775.001632690 311
1520530775.201638937 227
1520530775.301808119 84
1520530775.351809025 428
1520530775.451812029 278
1520530775.551815271 312
1520530775.651818037 280
1520530775.702431679 54
1520530775.752434015 431
1520530775.852437019 335
1520530775.952439785 385
1520530776.052442789 458
1520530776.252286434 193
1520530776.552302361 286
1520530776.752308369 316
1520530776.902312517 384
1520530777.052345037 380
1520530777.302353144 286
1520530777.452226162 204
1520530777.602230310 351
1520530777.802134275 226
1520530777.952138186 377
1520530778.052142143 527
1520530778.152195692 472
1520530778.252198696 391
1520530778.352201462 570
1520530778.502205372 413
1520530778.652253151 383
1520530778.752256155 495
1520530778.852259398 492
1520530778.952263117 528
1520530779.052048683 205
1520530779.102049589 482
1520530779.202052593 356
1520530779.302056551 459
1520530779.401859522 151
1520530779.601868629 338
1520530779.751869678 354
1520530779.852153301 112
1520530779.952156067 428
1520530780.052159309 417
1520530780.152162313 378
1520530780.202292681 263
1520530780.302295446 360
1520530780.452299833 321
1520530780.652139425 120
1520530780.802143574 416
1520530780.952149391 326
1520530781.052164555 404
1520530781.152168512 367
1520530781.252170563 371
1520530781.352173567 369
1520530781.452058554 114
1520530781.552061796 380
1520530781.802069426 176
1520530781.852036953 224
1520530782.002041817 270
1520530782.152045727 192
1520530782.252168655 46
1520530782.302169561 322
1520530782.402172565 277
1520530782.502176523 307
1520530782.652289391 93
1520530782.702290058 375
1520530782.952298164 153
1520530783.102149963 66
1520530783.152151823 316
1520530783.302155733 225
1520530783.402159929 253
1520530783.501915693 71
1520530783.551916599 334
1520530783.651919603 323
1520530783.751923800 329
1520530783.851926804 348
1520530783.951877356 183
1520530784.101882458 249
1520530784.201885462 207
1520530784.302434206 19
1520530784.352436304 234
1520530784.452439308 260
1520530784.552441120 268
1520530784.652445078 265
1520530784.702521563 254
1520530784.802524567 309
1520530784.952529669 276
1520530785.202406883 105
1520530785.352410793 265
1520530785.502415895 250
1520530785.652472258 274
1520530785.852478504 348
1520530786.102442741 201
1520530786.302447796 273
1520530786.502355337 228
1520530786.602359533 329
1520530786.752382517 358
1520530786.852385521 348
1520530786.952388287 343
1520530787.052392483 329
1520530787.152462959 323
1520530787.302467823 306
1520530787.402470827 390
1520530787.502474785 403
1520530787.602204561 154
1520530787.702207565 265
1520530787.802210569 326
1520530787.902213573 306
1520530788.002069950 155
1520530788.102072716 304
1520530788.252077818 304
1520530788.402166605 188
1520530788.552171469 293
1520530788.652174473 263
1520530788.752177715 279
1520530788.852200985 272
1520530789.002205849 239
1520530789.102209091 248
1520530789.202288151 148
1520530789.352293015 159
1520530789.502297163 183
1520530789.652355909 130
1520530789.802360773 187
1520530789.902364016 167
1520530790.052260160 70
1520530790.102262020 173
1520530790.202265024 158
1520530790.352270126 150
1520530790.502262592 114
1520530790.602265596 126
1520530790.702268362 133
1520530790.802271605 106
1520530790.852422714 23
1520530790.902427673 65
1520530790.952425718 136
1520530791.002427578 156
1520530791.102429628 134
1520530791.202432871 157
1520530791.252573013 64
1520530791.302574158 120
1520530791.452579021 125
1520530791.602584124 122
1520530791.652470827 77
1520530791.702472687 164
1520530791.852477789 178
1520530792.002482653 138
1520530792.102171183 48
1520530792.152172089 130
1520530792.252176046 159
1520530792.352179289 161
1520530792.452182055 183
1520530792.552041531 72
1520530792.602042437 156
1520530792.752052546 139
1520530792.852050543 144
1520530792.902247906 69
1520530792.952249765 105
1520530793.052253008 112
1520530793.152256012 133
1520530793.252259016 145
1520530793.302666664 85
1520530793.402669668 212
1520530793.502672672 313
1520530793.652677536 277
1520530793.852594852 166
1520530794.102647543 153
1520530794.302653551 252
1520530794.502659559 285
1520530794.702680826 267
1520530794.902687073 310
1520530795.102677345 287
1520530795.252682209 296
1520530795.402703762 278
1520530795.502706766 286
1520530795.602709770 277
1520530795.702712774 268
1520530795.802692652 284
1520530795.902695417 296
1520530796.002698421 278
1520530796.152534246 154
1520530796.252537251 215
1520530796.352540493 251
1520530796.452543497 275
1520530796.552486181 188
1520530796.652489901 220
1520530796.752493143 198
1520530796.852496147 224
1520530796.952499151 246
1520530797.052633524 174
1520530797.202637672 202
1520530797.302641630 208
1520530797.402760029 167
1520530797.502762079 240
1520530797.652766943 196
1520530797.752769947 193
1520530797.852644205 142
1520530797.952647209 170
1520530798.102652073 216
1520530798.202504635 125
1520530798.302507877 202
1520530798.452512741 204
1520530798.602414608 96
1520530798.702417612 132
1520530798.802420855 105
1520530798.902424574 124
1520530799.002338409 55
1520530799.052339315 104
1520530799.102340460 171
1520530799.302346230 102
1520530799.402350426 131
1520530799.452410460 76
1520530799.502412558 118
1520530799.602415323 112
1520530799.752419233 116
1520530799.852662325 56
1520530799.902663231 150
1520530800.002666235 154
1520530800.102669239 160
1520530800.252766132 95
1520530800.402770281 140
1520530800.552775145 123
1520530800.652460575 54
1520530800.702461481 144
1520530800.852466345 95
1520530800.952469587 116
1520530801.052102566 40
1520530801.102104664 75
1520530801.152105808 89
1520530801.252108812 88
1520530801.302110672 103
1520530801.402113676 97
1520530801.502018929 70
1520530801.552020788 92
1520530801.652023792 91
1520530801.702024698 125
1520530801.852030754 96
1520530801.902304411 45
1520530801.952305317 157
1520530802.102309465 127
1520530802.252314568 105
1520530802.302571535 115
1520530802.402609348 179
1520530802.602581501 155
1520530802.752606153 145
1520530803.002614021 154
1520530803.252768993 111
1520530803.402774334 187
1520530803.652925253 136
1520530803.802930117 196
1520530804.002792120 121
1520530804.152787209 152
1520530804.252790213 192
1520530804.352735758 166
1520530804.452738762 166
1520530804.552742004 161
1520530804.652745724 180
1520530804.752780199 184
1520530804.852783442 159
1520530804.952786207 123
1520530805.052790165 97
1520530805.102791071 152
1520530805.152562380 58
1520530805.202564240 85
1520530805.252565622 88
1520530805.302567482 155
1520530805.402570486 166
1520530805.502573490 172
1520530805.602536678 165
1520530805.702538729 257
1520530805.852543831 240
1520530806.002724409 145
1520530806.152729273 228
1520530806.252732277 238
1520530806.352735281 241
1520530806.502901554 172
1520530806.602904558 189
1520530806.702908516 200
1520530806.803025723 137
1520530806.953030586 216
1520530807.103034973 194
1520530807.202843189 92
1520530807.252840996 229
1520530807.402845860 213
1520530807.502849102 161
1520530807.602721453 74
1520530807.652722597 171
1520530807.752725840 153
1520530807.852729559 135
1520530807.952732563 157
1520530808.002812386 57
1520530808.052814245 176
1520530808.152818441 144
1520530808.302822351 134
1520530808.452991009 39
1520530808.502992153 162
1520530808.652999163 118
1520530808.753000259 170
1520530808.852989435 99
1520530808.952900410 198
1520530809.102905273 169
1520530809.252622604 34
1520530809.302624464 94
1520530809.402627468 81
1520530809.452629566 132
1520530809.552632570 89
1520530809.602633476 99
1520530809.652633905 146
1520530809.752636671 90
1520530809.802638769 97
1520530809.852640867 97
1520530809.902641773 79
1520530809.952643871 118
1520530810.053197622 10
1520530810.153200626 214
1520530810.253206491 55
1520530810.303205729 48
1520530810.353206635 301
1520530810.453339100 160
1520530810.553277254 376
1520530810.653280258 393
1520530810.753283262 434
1520530810.853286028 419
1520530811.003264666 330
1520530811.103267670 440
1520530811.203270674 424
1520530811.403127193 170
1520530811.653135300 319
1520530811.853144169 355
1520530812.003149033 437
1520530812.103106022 469
1520530812.203110218 565
1520530812.303113222 557
1520530812.453117132 410
1520530812.603181124 364
1520530812.753185987 455
1520530812.853189230 487
1520530812.953081369 299
1520530813.053084373 527
1520530813.153088331 498
1520530813.253091335 438
1520530813.352868557 145
1520530813.452871561 444
1520530813.552874565 337
1520530813.702878475 336
1520530813.852881432 399
1520530813.952884197 437
1520530814.052887201 438
1520530814.153383255 69
1520530814.203385115 546
1520530814.303388119 418
1520530814.403392076 412
1520530814.503394127 348
1520530814.603367329 406
1520530814.703370571 433
1520530814.803373337 430
1520530814.953189135 119
1520530815.053189039 350
1520530815.153192282 371
1520530815.303196192 220
1520530815.403064489 115
1520530815.503067732 283
1520530815.603070498 279
1520530815.753074646 145
1520530815.803066015 218
1520530815.903069258 223
1520530816.003072262 226
1520530816.153077364 140
1520530816.203195095 18
1520530816.253196239 231
1520530816.353200197 182
1520530816.453202248 181
1520530816.553205252 199
1520530816.603259802 172
1520530816.703267813 252
1520530816.803265810 283
1520530816.903270006 304
1520530817.002976418 56
1520530817.052977562 302
1520530817.202982664 260
1520530817.302985430 265
1520530817.402988434 259
1520530817.502915621 124
1520530817.602919579 292
1520530817.652920485 389
1520530817.702921629 350
1520530817.802925587 196
1520530817.853491545 14
1520530817.903492689 131
1520530817.953494549 261
1520530818.053497553 175
1520530818.153500557 151
1520530818.253752947 63
1520530818.303755760 372
1520530818.403757811 230
1520530818.503833771 225
1520530818.603764057 235
1520530818.703604221 193
1520530818.803607225 337
1520530819.003613234 244
1520530819.303462744 159
1520530819.453362465 196
1520530819.603366375 320
1520530819.703369379 376
1520530819.803372622 420
1520530819.903324604 350
1520530820.003327847 369
1520530820.103371859 373
1520530820.253335714 249
1520530820.353467703 220
1520530820.453470469 320
1520530820.553473473 297
1520530820.653477669 297
1520530820.753378868 227
1520530820.853381872 235
1520530820.903382778 271
1520530821.003386974 205
1520530821.103219032 147
1520530821.253222942 175
1520530821.403227806 179
1520530821.553485394 114
1520530821.653488159 183
1520530821.803493023 177
1520530821.903496265 197
1520530821.953847647 129
1520530822.053850651 230
1520530822.153853655 268
1520530822.253857613 243
1520530822.353642702 136
1520530822.503646612 218
1520530822.653652668 211
1520530822.753499985 132
1520530822.853503942 232
1520530822.953507185 246
1520530823.053509951 198
1520530823.153322220 87
1520530823.203323126 215
1520530823.353328228 170
1520530823.503333092 158
1520530823.553307533 103
1520530823.653310776 137
1520530823.753313541 117
1520530823.853317738 111
1520530823.953421116 20
1520530824.003422022 133
1520530824.103425980 100
1520530824.153426886 160
1520530824.253430128 135
1520530824.353433132 154
1520530824.403522968 80
1520530824.453525066 99
1520530824.603528976 107
1520530824.753535986 90
1520530824.803378105 68
1520530824.853379011 164
1520530824.953473091 163
1520530825.053385258 155
1520530825.203181982 36
1520530825.253183126 75
1520530825.303185225 97
1520530825.353186131 80
1520530825.403188229 69
1520530825.453190088 59
1520530825.503190994 63
1520530825.553193331 57
1520530825.603213072 53
1520530825.653214931 45
1520530825.703216076 39
1520530825.753217936 24
1520530825.803220034 29
1520530825.853221178 29
1520530825.903223038 39
1520530825.953224897 157
1520530826.053935289 227
1520530826.103938341 38
1520530826.153939486 32
1520530826.203940392 328
1520530826.303944349 293
1520530826.404023409 209
1520530826.504024982 354
1520530826.604029179 423
1520530826.754033089 354
1520530826.903660774 152
1520530827.103667021 393
1520530827.253637075 372
1520530827.403642178 427
1520530827.503645182 503
1520530827.603647947 466
1520530827.703594923 399
1520530827.803598166 478
1520530827.903600216 478
1520530828.053573132 338
1520530828.153593063 524
1520530828.253578901 496
1520530828.353582144 510
1520530828.453457832 290
1520530828.553461075 458
1520530828.653464794 450
1520530828.753467798 441
1520530828.853471041 388
1520530828.953294277 163
1520530829.103299379 380
1520530829.253304243 381
1520530829.303629160 94
1520530829.403632164 443
1520530829.503634930 476
1520530829.603639126 408
1520530829.653640032 498
1520530829.704049587 150
1520530829.804053545 389
1520530829.904056549 413
1520530830.004059553 411
1520530830.103815317 188
1520530830.203818321 398
1520530830.353823185 256
1520530830.453826189 319
1520530830.553617954 137
1520530830.653620720 368
1520530830.753624916 235
1520530830.853627920 224
1520530830.903462410 104
1520530831.003466606 260
1520530831.153470516 173
1520530831.253473520 265
1520530831.353523970 155
1520530831.453526974 241
1520530831.603532076 151
1520530831.703535080 240
1520530831.753732681 44
1520530831.803734541 298
1520530831.903737545 247
1520530832.003740788 285
1520530832.153733492 207
1520530832.303738356 246
1520530832.503744364 241
1520530832.553491354 77
1520530832.603493690 319
1520530832.703496456 287
1520530832.803498507 310
1520530832.903501511 292
1520530832.953346491 92
1520530833.003408432 318
1520530833.103351593 224
1520530833.203354359 276
1520530833.303357363 283
1520530833.353605747 99
1520530833.453608513 282
1520530833.553611517 284
1520530833.653614521 243
1520530833.753617525 157
1520530833.804356098 12
1520530833.854357243 296
1520530833.954361200 243
1520530834.054364204 243
1520530834.154367208 231
1520530834.254152775 163
1520530834.354155779 373
1520530834.504159689 323
1520530834.753887415 122
1520530834.903892517 340
1520530835.053850174 312
1520530835.203854322 364
1520530835.303858280 417
1520530835.453752518 276
1520530835.653759480 407
1520530835.853783607 356
1520530835.953786373 486
1520530836.053789377 509
1520530836.153792620 413
1520530836.253842592 309
1520530836.303844690 445
1520530836.353845835 496
1520530836.453848600 441
1520530836.553852558 429
1520530836.653644085 156
1520530836.753647089 410
1520530836.853649855 436
1520530836.953653097 360
1520530837.053571224 206
1520530837.153575182 403
1520530837.253578186 320
1520530837.353581429 386
1520530837.453924179 71
1520530837.503925085 515
1520530837.603929043 473
1520530837.703931093 449
1520530837.854232311 183
1520530838.004141331 370
1520530838.104144335 400
1520530838.204147100 402
1520530838.354107141 317
1520530838.454110146 386
1520530838.554113388 328
1520530838.654116154 346
1520530838.753938437 127
1520530838.853942156 365
1520530839.053948402 235
1520530839.103765249 116
1520530839.203769445 278
1520530839.303771496 223
1520530839.403775215 225
1520530839.503781796 177
1520530839.603785038 194
1520530839.703788042 178
1520530839.803791046 201
1520530839.903963327 30
1520530839.953965425 254
1520530840.103969574 179
1520530840.253974438 172
1520530840.304033995 101
1520530840.354035139 243
1520530840.454039097 227
1520530840.554042101 246
1520530840.654045105 231
1520530840.753756762 50
1520530840.803757906 192
1520530840.903761864 173
1520530841.003764629 193
1520530841.103767872 200
1520530841.153441191 56
1520530841.203443289 268
1520530841.303446293 182
1520530841.403449297 117
1520530841.503452301 108
1520530841.553540707 109
1520530841.603541613 200
1520530841.703545570 176
1520530841.803548574 185
1520530841.853549480 200
1520530841.903551579 246
1520530842.003867865 90
1520530842.103870869 254
1520530842.253875971 254
1520530842.503809214 165
1520530842.653813362 322
1520530842.803919315 288
1520530842.953924417 325
1520530843.103928328 374
1520530843.253976583 316
1520530843.403981686 354
1520530843.553985834 357
1520530843.653942585 361
1520530843.753945351 400
1520530843.853949547 332
1520530843.953951597 246
1520530844.003965139 331
1520530844.053963184 374
1520530844.103965282 409
1520530844.203968287 331
1520530844.304044247 291
1520530844.403861761 154
1520530844.503864765 177
1520530844.653869867 165
1520530844.753872871 146
1520530844.854016781 136
1520530844.954019785 167
1520530845.054023027 191
1520530845.154025793 149
1520530845.204027891 212
1520530845.254548788 45
1520530845.304550648 428
1520530845.404552698 368
1520530845.504555702 301
1520530845.604559898 246
1520530845.704415083 151
1520530845.854418993 177
1520530845.954421759 195
1520530846.054295778 109
1520530846.154298782 166
1520530846.254302740 148
1520530846.354305744 159
1520530846.454087734 68
1520530846.504088879 179
1520530846.604092598 184
1520530846.754096985 149
1520530846.853992462 64
1520530846.903994560 195
1520530847.053999662 125
1520530847.154001713 116
1520530847.254088402 32
1520530847.304090738 89
1520530847.354091406 114
1520530847.454094648 107
1520530847.504096508 140
1520530847.654100418 123
1520530847.704269648 34
1520530847.754270792 123
1520530847.854274511 129
1520530848.004278898 129
1520530848.104164600 82
1520530848.154166460 105
1520530848.254169703 95
1520530848.354172468 92
1520530848.404174566 106
1520530848.503816128 35
1520530848.553818226 45
1520530848.603819370 54
1520530848.653821230 53
1520530848.703822136 51
1520530848.753824234 60
1520530848.803826094 51
1520530848.853827238 64
1520530848.903765440 61
1520530848.953767776 46
1520530849.003768682 46
1520530849.053775549 51
1520530849.103771687 57
1520530849.153861523 57
1520530849.203774452 56
1520530849.253775597 58
1520530849.304012299 50
1520530849.354014397 126
1520530849.454017162 128
1520530849.554020405 178
1520530849.654023409 208
1520530849.754075050 187
1520530849.904080153 170
1520530850.104087114 172
1520530850.354254007 128
1520530850.504258156 304
1520530850.604296923 315
1520530850.704299927 304
1520530850.804302931 286
1520530850.904305935 360
1520530851.054240942 220
1520530851.204245090 247
1520530851.354319811 202
1520530851.454323053 203
1520530851.554325819 178
1520530851.654328823 169
1520530851.754292250 163
1520530851.804294109 176
1520530851.854296207 212
1520530851.904297113 182
1520530852.004300356 145
1520530852.104303360 112
1520530852.204151154 89
1520530852.254152298 134
1520530852.354155064 149
1520530852.454158068 130
1520530852.554161072 123
1520530852.604380131 116
1520530852.704382896 170
1520530852.804386139 168
1520530852.904389143 225
1520530853.004533291 149
1520530853.104536295 182
1520530853.204539299 179
1520530853.304543257 166
1520530853.404341936 84
1520530853.454342842 126
1520530853.604347944 120
1520530853.704349995 114
1520530853.804126263 46
1520530853.854123116 92
1520530853.954126120 103
1520530854.054129124 107
1520530854.154132128 65
1520530854.204134226 74
1520530854.254028320 24
1520530854.304029465 35
1520530854.354031324 102
1520530854.454034328 127
1520530854.604039431 156
1520530854.654197931 61
1520530854.704200029 130
1520530854.804203033 128
1520530854.954207897 123
1520530855.054454327 56
1520530855.104456425 103
1520530855.204459429 110
1520530855.304462433 134
1520530855.404465437 136
1520530855.454261780 66
1520530855.504263639 142
1520530855.704269648 131
1520530855.853945971 32
1520530855.903946638 83
1520530855.953948736 158
1520530856.053951740 120
1520530856.153954744 105
1520530856.253995657 81
1520530856.303997993 86
1520530856.353999853 90
1520530856.404000759 85
1520530856.454001904 103
1520530856.504003763 153
1520530856.604007006 145
1520530856.704353094 33
1520530856.754354954 98
1520530856.854357958 159
1520530857.004363060 153
1520530857.104498625 126
1520530857.254502773 210
1520530857.404507637 192
1520530857.504649162 170
1520530857.654654264 268
1520530857.804659128 220
1520530858.004694939 176
1520530858.154700041 179
1520530858.304575920 161
1520530858.404578924 237
1520530858.504582882 241
1520530858.604585886 225
1520530858.704606771 225
1520530858.854706764 160
1520530859.004615784 118
1520530859.104618788 141
1520530859.254597902 131
1520530859.354600906 116
1520530859.454603672 107
1520530859.504606009 126
1520530859.554533005 78
1520530859.604535103 92
1520530859.654536009 140
1520530859.754539013 152
1520530859.854543209 139
1520530859.954867601 77
1520530860.004869699 157
1520530860.154873610 171
1520530860.304878473 190
1520530860.355013609 183
1520530860.455060720 244
1520530860.555019617 248
1520530860.655023575 225
1520530860.754849911 142
1520530860.854852915 205
1520530860.954855919 265
1520530861.054858685 240
1520530861.204705715 45
1520530861.254708052 144
1520530861.404711962 189
1520530861.504714966 193
1520530861.604568005 69
1520530861.654568911 242
1520530861.804574013 154
1520530861.904577017 167
1520530862.004641056 86
1520530862.054642200 274
1520530862.204647064 173
1520530862.354652166 141
1520530862.404806614 66
1520530862.454808474 205
1520530862.654814720 150
1520530862.754817486 149
1520530862.804625988 74
1520530862.854626894 165
1520530862.954629898 145
1520530863.054633617 88
1520530863.104634762 127
1520530863.204078913 12
1520530863.254079819 55
1520530863.304081678 77
1520530863.354083776 85
1520530863.404084682 110
1520530863.504087925 118
1520530863.554088593 140
1520530863.604090691 142
1520530863.653908968 48
1520530863.704003811 87
1520530863.753911734 92
1520530863.803914070 104
1520530863.853915930 121
1520530863.903916836 181
1520530864.003919840 99
1520530864.104672909 292
1520530864.204676151 215
1520530864.304678917 226
1520530864.404681921 218
1520530864.505243540 309
1520530864.605246782 225
1520530864.705250502 243
1520530864.805252552 334
1520530864.904249668 86
1520530865.004252434 83
1520530865.104255438 81
1520530865.204258442 93
1520530865.303959131 47
1520530865.403923988 68
1520530865.503926992 107
1520530865.603929758 474
1520530865.704600573 381
1520530865.804604769 329
1520530865.904607773 295
1520530866.004610538 211
1520530866.105678082 162
1520530866.205681086 139
1520530866.305685282 119
1520530866.405688286 100
1520530866.504818439 205
1520530866.604821205 298
1520530866.704824209 428
1520530866.804827452 407
1520530866.903951168 94
1520530867.003954172 80
1520530867.103957176 54
1520530867.203960419 53
1520530867.304045200 46
1520530867.404049158 60
1520530867.504052162 66
1520530867.604055405 75
1520530867.705262184 252
1520530867.805265188 202
1520530867.905269146 142
1520530868.005272150 287
1520530868.105275154 338
1520530868.204268456 43
1520530868.304271698 66
1520530868.404274702 122
1520530868.504277468 87
1520530868.603940964 39
1520530868.703943729 40
1520530868.803946733 41
1520530868.903949738 338
1520530869.004712105 233
1520530869.104715109 244
1520530869.204718113 232
1520530869.304721117 161
1520530869.405247211 148
1520530869.505250216 247
1520530869.605253220 331
1520530869.705257177 474
1520530869.804110527 93
1520530869.904113770 101
1520530870.004116774 93
1520530870.104119539 121
1520530870.203977823 117
1520530870.303980827 56
1520530870.403983593 60
1520530870.503986597 609
1520530870.604328632 501
1520530870.754332781 358
1520530870.854335546 106
1520530870.954338551 97
1520530871.055247068 296
1520530871.155250072 250
1520530871.255253315 256
1520530871.355257034 237
1520530871.454157829 58
1520530871.554161549 48
1520530871.654163599 54
1520530871.754167795 61
1520530871.904377699 76
1520530872.004380703 45
1520530872.104383469 116
1520530872.204461336 124
1520530872.304464102 151
1520530872.404467106 150
1520530872.504470348 164
1520530872.604473114 125
1520530872.704148054 98
1520530872.804151058 95
1520530872.904153109 76
1520530873.004157066 59
1520530873.104337931 48
1520530873.204340935 52
1520530873.304344177 71
1520530873.404403925 67
1520530873.504877329 113
1520530873.604880333 342
1520530873.654882193 42
1520530873.704883337 37
1520530873.754885435 198
1520530873.804887295 234
1520530873.854907036 157
1520530873.904909372 258
1520530873.954910278 261
1520530874.004912138 225
1520530874.054913282 216
1520530874.104915142 237
1520530874.204918385 203
1520530874.254431486 48
1520530874.304432392 330
1520530874.454437494 275
1520530874.554441452 217
1520530874.654208660 73
1520530874.704210758 289
1520530874.854215622 216
1520530875.104334593 69
1520530875.154336691 359
1520530875.454345703 133
