1520530731.450020313 104
1520530731.500021219 99
1520530731.550009966 91
1520530731.600011110 88
1520530731.650012016 87
1520530731.700013876 86
1520530731.750015974 84
1520530731.800016880 84
1520530731.850101948 82
1520530731.900019884 82
1520530731.950036049 82
1520530732.000037193 81
1520530732.050039053 81
1520530732.100039959 81
1520530732.150042057 81
1520530732.200043917 81
1520530732.250044823 78
1520530732.300047159 78
1520530732.350048065 77
1520530732.400058270 75
1520530732.450059175 75
1520530732.500061512 75
1520530732.550063372 75
1520530732.600064278 75
1520530732.650066376 75
1520530732.700067282 166
1520530732.750069618 165
1520530732.800092936 165
1520530732.850094080 165
1520530732.900095940 165
1520530732.950096846 162
1520530733.000099182 160
1520530733.050099850 159
1520530733.100101948 159
1520530733.150104046 157
1520530733.200103760 157
1520530733.250105858 157
1520530733.300106764 157
1520530733.350112677 157
1520530733.400109768 156
1520530733.450195789 150
1520530733.500113010 148
1520530733.550114870 145
1520530733.600102663 145
1520530733.650104523 145
1520530733.700105429 145
1520530733.750107765 143
1520530733.800109625 143
1520530733.850110531 143
1520530733.900112629 143
1520530733.950113535 143
1520530734.000144958 143
1520530734.050145864 143
1520530734.100147724 143
1520530734.150148869 139
1520530734.200150728 139
1520530734.250152588 139
1520530734.300153971 139
1520530734.350155830 139
1520530734.400153160 137
1520530734.450154305 137
1520530734.500156164 133
1520530734.550158024 133
1520530734.600159168 133
1520530734.650161266 133
1520530734.700161934 133
1520530734.750163317 133
1520530734.800165176 133
1520530734.850171328 132
1520530734.900172472 132
1520530734.950177431 132
1520530735.000175714 130
1520530735.050265551 130
1520530735.100178480 130
1520530735.150180578 130
1520530735.200181484 130
1520530735.250203133 128
1520530735.300204039 124
1520530735.350206137 124
1520530735.400208235 124
1520530735.450209141 124
1520530735.500211239 124
1520530735.550212145 124
1520530735.600214005 124
1520530735.650176287 124
1520530735.700178146 124
1520530735.750179291 124
1520530735.800181150 124
1520530735.850183249 124
1520530735.900184393 273
1520530735.950186253 256
1520530736.000188351 250
1520530736.050192118 238
1520530736.100193024 227
1520530736.150193930 214
1520530736.200196028 206
1520530736.250198126 338
1520530736.300199270 315
1520530736.350200176 300
1520530736.400202036 287
1520530736.450247765 265
1520530736.500248909 336
1520530736.550254822 299
1520530736.600251675 284
1520530736.650343657 280
1520530736.700254679 426
1520530736.750256538 368
1520530736.800257683 325
1520530736.850259781 289
1520530736.900250196 384
1520530736.950252295 359
1520530737.000254154 333
1520530737.050255060 319
1520530737.100257397 433
1520530737.150258064 397
1520530737.200260162 370
1520530737.250261307 354
1520530737.300258875 340
1520530737.350260735 410
1520530737.400261879 383
1520530737.450263739 362
1520530737.500264645 343
1520530737.550266981 379
1520530737.600268841 361
1520530737.650269747 349
1520530737.700183392 339
1520530737.750184298 332
1520530737.800186157 475
1520530737.850187302 439
1520530737.900189161 414
1520530737.950191021 419
1520530738.000192165 402
1520530738.050194263 487
1520530738.100307703 276
1520530738.150314808 271
1520530738.200310707 267
1520530738.250403643 437
1520530738.300313711 401
1520530738.350315809 360
1520530738.400316715 378
1520530738.450318575 336
1520530738.500566959 185
1520530738.550567865 178
1520530738.600570202 361
1520530738.650571108 313
1520530738.700572968 353
1520530738.750574112 299
1520530738.800575972 315
1520530738.850576878 291
1520530738.900221348 51
1520530738.950223684 255
1520530739.000224590 224
1520530739.050226450 203
1520530739.100227594 215
1520530739.150229454 201
1520530739.200231314 184
1520530739.250232458 168
1520530739.300234556 215
1520530739.350118637 153
1520530739.400120497 145
1520530739.450122595 136
1520530739.500123739 177
1520530739.550125599 170
1520530739.600126743 164
1520530739.650128603 265
1520530739.700129509 240
1520530739.750310898 145
1520530739.800312996 137
1520530739.850406170 127
1520530739.900316000 117
1520530739.950318098 113
1520530740.000319004 130
1520530740.050321102 122
1520530740.100322008 248
1520530740.150481224 159
1520530740.200483322 212
1520530740.250484228 202
1520530740.300486088 187
1520530740.350487232 313
1520530740.400489330 280
1520530740.450489998 343
1520530740.500492334 273
1520530740.550278187 149
1520530740.600280046 139
1520530740.650281906 295
1520530740.700283051 245
1520530740.750285149 296
1520530740.800287008 267
1520530740.850288153 246
1520530740.900290012 308
1520530740.950431824 187
1520530741.000432730 199
1520530741.050434589 183
1520530741.100435734 321
1520530741.150437593 270
1520530741.200438499 242
1520530741.250440598 204
1520530741.300441504 229
1520530741.350636959 142
1520530741.400638103 169
1520530741.450728178 166
1520530741.500641108 165
1520530741.550643206 161
1520530741.600644112 317
1520530741.650645971 282
1520530741.700647116 226
1520530741.750648975 292
1520530741.800464153 193
1520530741.850465298 186
1520530741.900467157 167
1520530741.950468063 160
1520530742.000470161 169
1520530742.050471067 165
1520530742.100473166 162
1520530742.150475264 370
1520530742.200338125 183
1520530742.250339985 178
1520530742.300341129 183
1520530742.350343227 176
1520530742.400345087 169
1520530742.450346231 163
1520530742.500348091 149
1520530742.550350189 141
1520530742.600603819 120
1520530742.650604725 116
1520530742.700606823 308
1520530742.750608921 233
1520530742.800609827 271
1520530742.850611687 235
1520530742.900612831 289
1520530742.950614691 259
1520530743.000436783 227
1520530743.050522566 220
1520530743.100439548 215
1520530743.150441647 209
1520530743.200442553 370
1520530743.250444889 310
1520530743.300445795 344
1520530743.350447655 278
1520530743.400276661 152
1520530743.450277805 143
1520530743.500279903 294
1520530743.550281048 265
1520530743.600282907 313
1520530743.650283813 288
1520530743.700285912 268
1520530743.750287771 253
1520530743.800288677 235
1520530743.851239920 165
1520530743.901240826 92
1520530743.951242685 156
1520530744.001243830 133
1520530744.051246881 421
1520530744.101247787 362
1520530744.151248932 433
1520530744.201250792 401
1520530744.251205206 336
1520530744.301206112 388
1520530744.351207972 356
1520530744.401209116 417
1520530744.451210022 386
1520530744.501211882 375
1520530744.551213980 338
1520530744.601214886 367
1520530744.651044369 202
1520530744.700966120 198
1520530744.750968218 176
1520530744.800969124 300
1520530744.850971222 266
1520530744.900972366 318
1520530744.950974226 298
1520530745.000976086 324
1520530745.051078081 258
1520530745.101080179 263
1520530745.151081324 247
1520530745.201083183 341
1520530745.251084089 295
1520530745.301086187 316
1520530745.351088047 356
1520530745.401088953 357
1520530745.451043129 314
1520530745.501044035 280
1520530745.551045895 299
1520530745.601047993 263
1520530745.651048899 281
1520530745.701051235 245
1520530745.751053095 372
1520530745.801054001 316
1520530745.850826025 191
1520530745.900828123 184
1520530745.950829983 325
1520530746.000830889 310
1520530746.050833225 331
1520530746.100834131 296
1520530746.150839090 319
1520530746.200837135 363
1520530746.250910282 383
1520530746.300487280 39
1520530746.350489140 212
1520530746.400490284 243
1520530746.450492144 260
1520530746.500493288 275
1520530746.550495148 249
1520530746.600497246 252
1520530746.650498390 218
1520530746.700510263 230
1520530746.750511408 205
1520530746.800513268 248
1520530746.850514174 275
1520530746.900516272 272
1520530746.950518370 284
1520530747.000519276 278
1520530747.050521374 271
1520530747.100689173 139
1520530747.150691271 210
1520530747.200693130 238
1520530747.250695229 310
1520530747.300696373 287
1520530747.350697279 226
1520530747.400699139 264
1520530747.450701237 223
1520530747.501333475 45
1520530747.551335335 359
1520530747.601336479 310
1520530747.651339531 298
1520530747.701339483 258
1520530747.751341581 264
1520530747.801342487 263
1520530747.851408482 298
1520530747.901266336 312
1520530747.951268673 336
1520530748.001269579 354
1520530748.051271439 363
1520530748.101272583 368
1520530748.151274443 369
1520530748.201276302 386
1520530748.251277685 473
1520530748.300789595 111
1520530748.350790501 108
1520530748.400792360 320
1520530748.450793505 271
1520530748.500795364 288
1520530748.550797224 241
1520530748.600798368 269
1520530748.650800467 344
1520530748.700801611 353
1520530748.750571012 161
1520530748.800571918 240
1520530748.850573778 227
1520530748.900576115 206
1520530748.950576782 228
1520530749.000578880 285
1520530749.050580978 230
1520530749.100584984 249
1520530749.150922537 104
1520530749.200923681 93
1520530749.250924587 84
1520530749.300926447 83
1520530749.350927591 352
1520530749.400929451 283
1520530749.450988531 215
1520530749.500932693 173
1520530749.551299334 44
1520530749.601300240 170
1520530749.651302338 186
1520530749.701303244 252
1520530749.751305103 366
1520530749.801307440 409
1520530749.851308346 479
1520530749.901310205 484
1520530749.950998783 220
1520530750.001000643 179
1520530750.051001787 148
1520530750.101003885 227
1520530750.151004553 187
1520530750.201006889 227
1520530750.251008749 263
1520530750.301009893 219
1520530750.350639105 46
1520530750.400640965 183
1520530750.450642109 161
1520530750.500644207 218
1520530750.550644875 181
1520530750.600647211 270
1520530750.650648117 234
1520530750.700654030 314
1520530750.750652075 275
1520530750.800614834 310
1520530750.850617170 280
1520530750.900618076 271
1520530750.950618982 282
1520530751.000621080 315
1520530751.050668955 280
1520530751.100623846 262
1520530751.150625944 272
1520530751.201260090 277
1520530751.251261950 186
1520530751.301262856 297
1520530751.351264954 357
1520530751.401267052 367
1520530751.451268196 452
1520530751.501270056 501
1520530751.551270962 414
1520530751.601708174 165
1520530751.651709080 139
1520530751.701711178 315
1520530751.751712322 212
1520530751.801714182 235
1520530751.851716042 293
1520530751.901717186 336
1520530751.951719284 344
1520530752.001096249 32
1520530752.051097155 220
1520530752.101099253 190
1520530752.151101112 256
1520530752.201102018 225
1520530752.251103163 298
1520530752.301105261 256
1520530752.351107121 270
1520530752.401229382 199
1520530752.451231480 171
1520530752.501233339 213
1520530752.551233530 239
1520530752.601235390 259
1520530752.651273489 243
1520530752.701238632 279
1520530752.751240492 316
1520530752.801898479 32
1520530752.851900339 272
1520530752.901901484 415
1520530752.951903582 452
1520530753.001905441 453
1520530753.051906586 457
1520530753.101908445 379
1520530753.151909351 331
1520530753.201911449 246
1520530753.251553535 108
1520530753.301555634 191
1520530753.351556540 175
1520530753.401558638 173
1520530753.451560736 171
1520530753.501561642 210
1520530753.551563501 227
1520530753.601565599 272
1520530753.651035309 29
1520530753.701037407 245
1520530753.751039505 203
1520530753.801040411 189
1520530753.851041555 265
1520530753.901043415 249
1520530753.951045275 227
1520530754.001046419 220
1520530754.051765203 21
1520530754.101767063 378
1520530754.151767969 333
1520530754.201770306 313
1520530754.251797199 289
1520530754.301773310 275
1520530754.351775169 251
1520530754.401776075 232
1520530754.451720476 205
1520530754.501721382 191
1520530754.551723242 185
1520530754.601725340 179
1520530754.651726246 162
1520530754.701728344 152
1520530754.751729488 206
1520530754.801731348 191
1520530754.851698637 175
1520530754.901700974 327
1520530754.951701641 282
1520530755.001703739 388
1520530755.051705837 319
1520530755.101706743 299
1520530755.151708603 236
1520530755.201710939 256
1520530755.251591444 268
1520530755.301592350 227
1520530755.351593256 284
1520530755.401595354 260
1520530755.451596260 260
1520530755.501598358 238
1520530755.551599264 249
1520530755.601601362 188
1520530755.651602507 222
1520530755.701246500 77
1520530755.751247644 86
1520530755.801249504 83
1520530755.851266623 216
1520530755.901252508 169
1520530755.951254606 193
1520530756.001255512 136
1520530756.051257610 182
1520530756.101238966 125
1520530756.151241302 144
1520530756.201243162 104
1520530756.251244068 151
1520530756.301246166 104
1520530756.351247072 106
1520530756.401248932 73
1520530756.451250076 54
1520530756.501374722 37
1520530756.551376820 102
1520530756.601377726 77
1520530756.651379824 82
1520530756.701380968 96
1520530756.751382828 83
1520530756.801383972 95
1520530756.851385832 80
1520530756.901524305 48
1520530756.951526165 91
1520530757.001527071 75
1520530757.051529169 90
1520530757.101530075 83
1520530757.151530981 93
1520530757.201533079 83
1520530757.251533985 117
1520530757.301300287 60
1520530757.351301432 124
1520530757.401303291 100
1520530757.451311350 107
1520530757.501306295 91
1520530757.551308393 108
1520530757.601309299 90
1520530757.651311398 150
1520530757.701312304 120
1520530757.751027346 44
1520530757.801029444 183
1520530757.851030350 164
1520530757.901032448 138
1520530757.951033354 123
1520530758.001035213 111
1520530758.051036358 202
1520530758.101038218 152
1520530758.151144505 96
1520530758.201146364 77
1520530758.251148224 131
1520530758.301149368 102
1520530758.351151466 137
1520530758.401153564 100
1520530758.451154470 135
1520530758.501156330 114
1520530758.551586628 56
1520530758.601588726 181
1520530758.651589632 152
1520530758.701591492 224
1520530758.751592636 191
1520530758.801594734 285
1520530758.851596832 246
1520530758.901597738 207
1520530758.951488256 179
1520530759.001489162 163
1520530759.051491261 157
1520530759.101492167 237
1520530759.151494026 214
1520530759.201495409 191
1520530759.251497269 220
1520530759.301498175 193
1520530759.351664305 150
1520530759.401666403 134
1520530759.451667547 127
1520530759.501669407 144
1520530759.551670313 138
1520530759.601672411 128
1520530759.651673317 247
1520530759.701675177 217
1520530759.751602173 178
1520530759.801604271 234
1520530759.851606369 221
1520530759.901607275 206
1520530759.951609373 179
1520530760.001610279 266
1520530760.051612139 243
1520530760.101613283 214
1520530760.151616335 328
1520530760.201535225 251
1520530760.251537085 201
1520530760.301537991 278
1520530760.351539135 241
1520530760.401541233 330
1520530760.451543093 276
1520530760.501544237 306
1520530760.551546097 259
1520530760.601489305 306
1520530760.651491642 264
1520530760.701492548 304
1520530760.751494408 262
1520530760.801495552 301
1520530760.851497412 267
1520530760.901498318 354
1520530760.951500654 304
1520530761.001376867 273
1520530761.051378012 250
1520530761.101379871 209
1520530761.151381016 185
1520530761.201382875 269
1520530761.251383781 231
1520530761.301385880 288
1520530761.351386786 232
1520530761.401249647 192
1520530761.451251507 153
1520530761.501252651 215
1520530761.551254511 181
1520530761.601256371 219
1520530761.651258707 202
1520530761.701259613 271
1520530761.751261711 230
1520530761.801129580 156
1520530761.851130486 140
1520530761.901133537 269
1520530761.951133490 232
1520530762.001135349 192
1520530762.051136494 245
1520530762.101138353 220
1520530762.151140451 196
1520530762.201313734 177
1520530762.251318693 166
1520530762.301316977 294
1520530762.351318836 232
1520530762.401319742 277
1520530762.451321840 249
1520530762.501322746 263
1520530762.551324606 233
1520530762.601326942 255
1520530762.651530981 154
1520530762.701532841 176
1520530762.751533985 157
1520530762.801536083 236
1520530762.851536989 194
1520530762.901539087 213
1520530762.951539993 181
1520530763.001541853 255
1520530763.051559210 201
1520530763.101560116 162
1520530763.151561975 224
1520530763.201564074 200
1520530763.251564980 171
1520530763.301567078 135
1520530763.351568222 209
1520530763.401570082 179
1520530763.451561451 134
1520530763.501562357 191
1520530763.551564455 151
1520530763.601565361 118
1520530763.651566267 167
1520530763.701569557 116
1520530763.751570463 88
1520530763.801571369 137
1520530763.851452351 104
1520530763.901453257 91
1520530763.951455116 166
1520530764.001456499 119
1520530764.051458359 84
1520530764.101459265 105
1520530764.151461363 78
1520530764.201463223 133
1520530764.251481295 100
1520530764.301483154 144
1520530764.351484060 102
1520530764.401486397 75
1520530764.451487303 89
1520530764.501489162 134
1520530764.551490307 88
1520530764.601492167 72
1520530764.651494026 79
1520530764.701715469 17
1520530764.751717329 47
1520530764.801719189 46
1520530764.851720333 68
1520530764.901721239 84
1520530764.951724291 101
1520530765.001725435 79
1520530765.051727295 84
1520530765.101763248 75
1520530765.151765347 97
1520530765.201766253 85
1520530765.251767397 77
1520530765.301771164 92
1520530765.351771116 81
1520530765.401772261 75
1520530765.451774120 98
1520530765.501667500 59
1520530765.551565647 116
1520530765.601566553 99
1520530765.651568651 85
1520530765.701569557 90
1520530765.751571417 81
1520530765.801573515 123
1520530765.851574421 108
1520530765.901345491 42
1520530765.951346397 116
1520530766.001348495 89
1520530766.051349401 118
1520530766.101351500 102
1520530766.151352644 154
1520530766.201354504 124
1520530766.251356363 136
1520530766.301371336 117
1520530766.351373672 130
1520530766.401375532 100
1520530766.451376438 82
1520530766.501378536 104
1520530766.551379442 82
1520530766.601381302 159
1520530766.651382446 133
1520530766.701833963 39
1520530766.751835823 229
1520530766.801836967 183
1520530766.851839066 206
1520530766.901840925 184
1520530766.951842070 214
1520530767.001842976 190
1520530767.051844835 220
1520530767.101938009 193
1520530767.151878357 246
1520530767.201879263 219
1520530767.251881361 295
1520530767.301882267 253
1520530767.351884365 275
1520530767.401886463 237
1520530767.451887369 222
1520530767.501889467 192
1520530767.551857233 173
1520530767.601859331 157
1520530767.651860237 138
1520530767.701862097 150
1520530767.751863241 142
1520530767.801865101 135
1520530767.851867199 125
1520530767.901869297 120
1520530767.951935530 171
1520530768.001936674 165
1520530768.051939487 152
1520530768.101940393 145
1520530768.151941538 132
1520530768.201943636 199
1520530768.251944542 183
1520530768.301946640 164
1520530768.351885796 156
1520530768.401886702 217
1520530768.451888561 198
1520530768.501889706 182
1520530768.551891804 167
1520530768.601892948 275
1520530768.651894808 247
1520530768.701976776 217
1520530768.751810551 183
1520530768.801811695 151
1520530768.851813555 130
1520530768.901814461 167
1520530768.951816797 155
1520530769.001818657 142
1520530769.051819563 293
1520530769.101821661 255
1520530769.151822567 304
1520530769.201870441 260
1520530769.251871347 299
1520530769.301873207 249
1520530769.351875305 291
1520530769.401876211 239
1520530769.451878309 304
1520530769.501879215 239
1520530769.551881313 298
1520530769.601849556 262
1520530769.651851416 333
1520530769.701853752 299
1520530769.751854658 273
1520530769.801856756 236
1520530769.851858616 307
1520530769.901859522 264
1520530769.951861858 356
1520530770.001660585 198
1520530770.051661491 218
1520530770.101663589 177
1520530770.151665688 276
1520530770.201667547 211
1520530770.251668453 255
1520530770.301736593 220
1520530770.351671457 241
1520530770.401531935 146
1520530770.451533794 165
1520530770.501534939 155
1520530770.551536798 245
1520530770.601538897 198
1520530770.651540041 232
1520530770.701541901 214
1520530770.751542807 185
1520530770.801611423 218
1520530770.851612329 204
1520530770.901614666 193
1520530770.951616526 170
1520530771.001617432 254
1520530771.051619530 224
1520530771.101620436 275
1520530771.151622295 231
1520530771.201895714 160
1520530771.251897573 155
1520530771.301899672 303
1520530771.351901770 251
1520530771.401902676 263
1520530771.451904774 219
1520530771.501905680 250
1520530771.551911592 217
1520530771.601908684 249
1520530771.651878119 221
1520530771.701879978 220
1520530771.751882315 198
1520530771.801883221 165
1520530771.851885080 243
1520530771.901942015 222
1520530771.951888084 181
1520530772.001888990 147
1520530772.051866770 214
1520530772.101867676 177
1520530772.151869774 139
1520530772.201871872 190
1520530772.251872778 156
1520530772.301874638 229
1520530772.351875782 143
1520530772.401877642 104
1520530772.451787233 92
1520530772.501789093 78
1520530772.551790237 175
1520530772.601792336 109
1520530772.651794195 79
1520530772.701795340 132
1520530772.751797199 101
1520530772.801798344 79
1520530772.851710320 75
1520530772.901712418 172
1520530772.951713324 119
1520530773.001715183 78
1520530773.051716328 91
1520530773.101718187 75
1520530773.151720285 146
1520530773.201721430 113
1520530773.251870155 71
1520530773.301871300 174
1520530773.351878405 107
1520530773.401874542 76
1520530773.451876402 88
1520530773.501919270 72
1520530773.551879406 74
1520530773.601880312 53
1520530773.651882172 37
1520530773.701948404 47
1520530773.751950264 81
1520530773.801952362 80
1520530773.851953506 98
1520530773.901955366 78
1520530773.951956511 85
1520530774.001958370 117
1520530774.051959276 107
1520530774.101984501 96
1520530774.151986361 77
1520530774.201987505 81
1520530774.251989603 115
1520530774.301991463 101
1520530774.351992607 86
1520530774.401993513 76
1520530774.451995373 89
1520530774.501791954 58
1520530774.551794291 112
1520530774.601794958 100
1520530774.651797056 88
1520530774.701798201 85
1520530774.751800060 110
1520530774.801800966 95
1520530774.851803064 145
1520530774.901629925 85
1520530774.951631784 81
1520530775.001632690 183
1520530775.051635027 147
1520530775.101664066 126
1520530775.151637793 98
1520530775.201638937 113
1520530775.251640797 98
1520530775.301808119 91
1520530775.351809025 87
1520530775.401811123 166
1520530775.451812029 124
1520530775.501814127 119
1520530775.551815271 103
1520530775.601817131 185
1520530775.651818037 141
1520530775.702431679 19
1520530775.752434015 266
1520530775.802434921 197
1520530775.852437019 201
1520530775.902437925 170
1520530775.952439785 219
1520530776.002440929 191
1520530776.052442789 256
1520530776.102444887 226
1520530776.152283430 160
1520530776.202284575 148
1520530776.252286434 176
1520530776.302287340 167
1520530776.352289438 160
1520530776.402290344 139
1520530776.452292442 265
1520530776.502293587 219
1520530776.552302361 189
1520530776.602303505 163
1520530776.652305365 213
1520530776.702321291 196
1520530776.752308369 179
1520530776.802310467 256
1520530776.852311611 228
1520530776.902312517 211
1520530776.952342272 228
1520530777.002344131 203
1520530777.052345037 190
1520530777.102347374 169
1520530777.152348042 252
1520530777.202350140 238
1520530777.252351284 222
1520530777.302353144 197
1520530777.352223158 155
1520530777.402224064 128
1520530777.452226162 156
1520530777.502227306 145
1520530777.552229166 129
1520530777.602230310 124
1520530777.652232170 238
1520530777.702234030 207
1520530777.752132177 165
1520530777.802134275 263
1520530777.852136135 238
1520530777.902137041 341
1520530777.952138186 301
1520530778.002140045 312
1520530778.052142143 277
1520530778.102143288 332
1520530778.152195692 300
1520530778.202196598 334
1520530778.252198696 275
1520530778.302200556 330
1520530778.352201462 288
1520530778.402202606 243
1520530778.452204466 309
1520530778.502205372 262
1520530778.552207708 222
1520530778.602252245 289
1520530778.652253151 229
1520530778.702255011 318
1520530778.752256155 253
1520530778.802258253 274
1520530778.852259398 217
1520530778.902261257 304
1520530778.952263117 261
1520530779.002046347 204
1520530779.052048683 340
1520530779.102049589 317
1520530779.152051449 315
1520530779.202052593 253
1520530779.252054453 225
1520530779.302056551 203
1520530779.352058649 269
1520530779.401859522 143
1520530779.451860666 159
1520530779.501862764 145
1520530779.551863670 135
1520530779.601868629 132
1520530779.651867628 119
1520530779.701868534 216
1520530779.751869678 191
1520530779.802151203 128
1520530779.852153301 111
1520530779.902155161 286
1520530779.952156067 228
1520530780.002157211 258
1520530780.052159309 218
1520530780.102160215 262
1520530780.152162313 231
1520530780.202292681 223
1520530780.252293587 184
1520530780.302295446 245
1520530780.352296591 216
1520530780.402298689 183
1520530780.452299833 229
1520530780.502301693 221
1520530780.552302599 193
1520530780.602304697 168
1520530780.652139425 155
1520530780.702140570 148
1520530780.752142668 140
1520530780.802143574 125
1520530780.852145672 238
1520530780.902147532 188
1520530780.952149391 150
1520530781.002150774 183
1520530781.052164555 143
1520530781.102166414 217
1520530781.152168512 184
1520530781.202169657 127
1520530781.252170563 139
1520530781.302172422 106
1520530781.352173567 186
1520530781.402175426 131
1520530781.452058554 115
1520530781.502059460 98
1520530781.552061796 76
1520530781.602062702 156
1520530781.652064562 117
1520530781.702065706 86
1520530781.752067566 128
1520530781.802069426 100
1520530781.852036953 77
1520530781.902038813 128
1520530781.952039719 110
1520530782.002041817 78
1520530782.052042723 115
1520530782.102044582 77
1520530782.152045727 88
1520530782.202047825 87
1520530782.252168655 44
1520530782.302169561 73
1520530782.352171421 74
1520530782.402172565 87
1520530782.452174664 77
1520530782.502176523 87
1520530782.552178621 76
1520530782.602179527 87
1520530782.652289391 92
1520530782.702290058 79
1520530782.752292395 113
1520530782.802293301 92
1520530782.852294207 86
1520530782.902296305 78
1520530782.952298164 84
1520530783.002299070 79
1520530783.052301407 123
1520530783.102149963 66
1520530783.152151823 107
1520530783.202152729 98
1520530783.252154827 88
1520530783.302155733 87
1520530783.352157593 79
1520530783.402159929 117
1520530783.452160835 108
1520530783.501915693 52
1520530783.551916599 111
1520530783.601918697 86
1520530783.651919603 112
1520530783.701921463 95
1520530783.751923800 161
1520530783.801924706 137
1520530783.851926804 107
1520530783.901875496 95
1520530783.951877356 83
1520530784.001878500 189
1520530784.051880360 137
1520530784.101882458 143
1520530784.151883602 112
1520530784.201885462 132
1520530784.251886368 108
1520530784.302434206 14
1520530784.352436304 189
1520530784.402437210 135
1520530784.452439308 185
1520530784.502440214 146
1520530784.552441120 196
1520530784.602443218 156
1520530784.652445078 178
1520530784.702521563 259
1520530784.752617836 199
1520530784.802524567 271
1520530784.852526665 224
1520530784.902527809 289
1520530784.952529669 259
1520530785.002531528 232
1520530785.052532673 194
1520530785.102534771 160
1520530785.152404785 127
1520530785.202406883 121
1520530785.252407789 116
1520530785.302409649 112
1520530785.352410793 108
1520530785.402412891 106
1520530785.452414751 224
1520530785.502415895 206
1520530785.552469492 178
1520530785.602470398 163
1520530785.652472258 184
1520530785.702474594 176
1520530785.752476454 164
1520530785.802477360 146
1520530785.852478504 198
1520530785.902480364 185
1520530785.952437878 173
1520530786.002438545 159
1520530786.052440882 131
1520530786.102442741 118
1520530786.152446747 188
1520530786.202444792 172
1520530786.252446651 156
1520530786.302447796 145
1520530786.352428436 124
1520530786.402352571 106
1520530786.452354670 179
1520530786.502355337 164
1520530786.552357674 284
1520530786.602359533 233
1520530786.652360439 288
1520530786.702362537 245
1520530786.752382517 321
1520530786.802384377 277
1520530786.852385521 318
1520530786.902387381 268
1520530786.952388287 315
1520530787.002390623 250
1520530787.052392483 291
1520530787.102393389 244
1520530787.152462959 310
1520530787.202464819 277
1520530787.252465963 231
1520530787.302467823 255
1520530787.352468729 224
1520530787.402470827 276
1520530787.452471733 221
1520530787.502474785 299
1520530787.552475929 250
1520530787.602204561 200
1520530787.652206659 168
1520530787.702207565 278
1520530787.752209663 212
1520530787.802210569 258
1520530787.852212429 190
1520530787.902213573 239
1520530787.952274799 192
1520530788.002069950 147
1520530788.052072048 135
1520530788.102072716 213
1520530788.152075052 183
1520530788.202076912 239
1520530788.252077818 208
1520530788.302079916 186
1520530788.352080822 216
1520530788.402166605 166
1520530788.452167749 214
1520530788.502169609 205
1520530788.552171469 286
1520530788.602172613 228
1520530788.652174473 276
1520530788.702175379 225
1520530788.752177715 269
1520530788.802199125 245
1520530788.852200985 282
1520530788.902203083 230
1520530788.952204943 273
1520530789.002205849 230
1520530789.052208185 236
1520530789.102209091 195
1520530789.152210951 182
1520530789.202288151 177
1520530789.252290010 163
1520530789.302290916 138
1520530789.352293015 234
1520530789.402293921 205
1520530789.452296019 153
1520530789.502297163 206
1520530789.552340031 173
1520530789.602353811 130
1520530789.652355909 204
1520530789.702356815 170
1520530789.752358913 134
1520530789.802360773 178
1520530789.852361679 126
1520530789.902364016 176
1520530789.952364683 144
1520530790.002366781 100
1520530790.052260160 87
1520530790.102262020 195
1520530790.152263165 147
1520530790.202265024 134
1520530790.252267122 103
1520530790.302268267 119
1520530790.352270126 90
1520530790.402271986 130
1520530790.452260494 100
1520530790.502262592 75
1520530790.552263498 90
1520530790.602265596 130
1520530790.652266502 95
1520530790.702268362 105
1520530790.752270699 83
1520530790.802271605 108
1520530790.852422714 57
1520530790.902427673 108
1520530790.952425718 79
1520530791.002427578 54
1520530791.052428484 61
1520530791.102429628 44
1520530791.152455568 54
1520530791.202432871 74
1520530791.252573013 46
1520530791.302574158 100
1520530791.352576017 86
1520530791.402577877 94
1520530791.452579021 87
1520530791.502580881 77
1520530791.552582026 106
1520530791.602584124 93
1520530791.652470827 72
1520530791.702472687 119
1520530791.752473593 93
1520530791.802475691 86
1520530791.852477789 92
1520530791.902478695 82
1520530791.952480793 77
1520530792.002482653 106
1520530792.052518368 86
1520530792.102171183 42
1520530792.152172089 126
1520530792.202174187 98
1520530792.252176046 121
1520530792.302176952 109
1520530792.352179289 185
1520530792.402180195 164
1520530792.452182055 220
1520530792.502040386 102
1520530792.552041531 96
1520530792.602042437 87
1520530792.652044296 192
1520530792.702045441 151
1520530792.752052546 118
1520530792.802048445 114
1520530792.852050543 83
1520530792.902247906 64
1520530792.952249765 183
1520530793.002252102 143
1520530793.052253008 160
1520530793.102254868 129
1520530793.152256012 188
1520530793.202257872 154
1520530793.252259016 187
1520530793.302666664 79
1520530793.352667570 75
1520530793.402669668 200
1520530793.452671766 172
1520530793.502672672 240
1520530793.552674532 219
1520530793.602675676 190
1520530793.652677536 258
1520530793.702589035 181
1520530793.752591848 164
1520530793.802592754 185
1520530793.852594852 175
1520530793.902595758 162
1520530793.952597857 155
1520530794.002599955 147
1520530794.052604914 188
1520530794.102647543 161
1520530794.152649403 150
1520530794.202650547 142
1520530794.252652645 176
1520530794.302653551 165
1520530794.352655649 159
1520530794.402656555 150
1520530794.452658415 223
1520530794.502659559 205
1520530794.552675724 188
1520530794.602677822 259
1520530794.652678967 242
1520530794.702680826 213
1520530794.752681971 195
1520530794.802683830 271
1520530794.852684736 248
1520530794.902687073 226
1520530794.952672243 208
1520530795.002674103 272
1520530795.052676201 253
1520530795.102677345 232
1520530795.152679205 201
1520530795.202680111 284
1520530795.252682209 258
1520530795.302684069 217
1520530795.352701664 278
1520530795.402703762 242
1520530795.452705860 351
1520530795.502706766 296
1520530795.552708864 325
1520530795.602709770 261
1520530795.652710915 318
1520530795.702712774 254
1520530795.752690315 299
1520530795.802692652 250
1520530795.852694511 290
1520530795.902695417 241
1520530795.952699423 305
1520530796.002698421 265
1520530796.052700520 304
1520530796.102701664 264
1520530796.152534246 251
1520530796.202536345 214
1520530796.252537251 302
1520530796.302539349 242
1520530796.352540493 268
1520530796.402542353 204
1520530796.452543497 217
1520530796.502545357 173
1520530796.552486181 187
1520530796.602488041 163
1520530796.652489901 207
1520530796.702491045 158
1520530796.752493143 194
1520530796.802494287 171
1520530796.852496147 248
1520530796.902498007 226
1520530796.952499151 294
1520530797.002631664 182
1520530797.052633524 211
1520530797.102634430 199
1520530797.152636766 311
1520530797.202637672 271
1520530797.252638817 251
1520530797.302641630 290
1520530797.352642536 260
1520530797.402760029 245
1520530797.452760935 204
1520530797.502762079 257
1520530797.552763939 237
1520530797.602865934 194
1520530797.652766943 238
1520530797.702767849 216
1520530797.752769947 307
1520530797.802643299 192
1520530797.852644205 183
1520530797.902646303 169
1520530797.952647209 255
1520530798.002649307 214
1520530798.052650213 173
1520530798.102652073 232
1520530798.152653217 197
1520530798.202504635 121
1520530798.252506733 159
1520530798.302507877 133
1520530798.352509737 120
1520530798.402510643 238
1520530798.452512741 186
1520530798.502513647 154
1520530798.552515507 214
1520530798.602414608 105
1520530798.652416706 94
1520530798.702417612 127
1520530798.752419472 114
1520530798.802420855 96
1520530798.852422714 185
1520530798.902424574 148
1520530798.952425718 175
1520530799.002338409 101
1520530799.052339315 115
1520530799.102340460 108
1520530799.152342319 83
1520530799.202422380 138
1520530799.252345324 109
1520530799.302346230 79
1520530799.352348089 80
1520530799.402350426 117
1520530799.452410460 73
1520530799.502412558 89
1520530799.552413464 75
1520530799.602415323 74
1520530799.652416468 96
1520530799.702418327 87
1520530799.752419233 79
1520530799.802421570 73
1520530799.852662325 59
1520530799.902663231 107
1520530799.952665329 92
1520530800.002666235 80
1520530800.052668095 94
1520530800.102669239 90
1520530800.152671337 83
1520530800.202673197 104
1520530800.252766132 76
1520530800.302767038 90
1520530800.352769136 83
1520530800.402770281 79
1520530800.452771187 109
1520530800.502774000 97
1520530800.552775145 89
1520530800.602776051 123
1520530800.652460575 71
1520530800.702461481 146
1520530800.752463341 115
1520530800.802521229 99
1520530800.852466345 113
1520530800.902468443 89
1520530800.952469587 119
1520530801.002471447 100
1520530801.052102566 45
1520530801.102104664 123
1520530801.152105808 108
1520530801.202107668 112
1520530801.252108812 94
1520530801.302110672 125
1520530801.352112532 111
1520530801.402113676 114
1520530801.452115774 84
1520530801.502018929 71
1520530801.552020788 135
1520530801.602021933 109
1520530801.652023792 84
1520530801.702024698 109
1520530801.752027988 93
1520530801.802028894 79
1520530801.852030754 119
1520530801.902304411 70
1520530801.952305317 193
1520530802.002306461 172
1520530802.052308559 146
1520530802.102309465 144
1520530802.152311563 137
1520530802.202313423 125
1520530802.252314568 168
1520530802.302571535 118
1520530802.352573395 155
1520530802.402609348 150
1520530802.452576399 143
1520530802.502577305 234
1520530802.552579641 191
1520530802.602581501 186
1520530802.652582407 156
1520530802.702605009 205
1520530802.752606153 188
1520530802.802608013 176
1520530802.852608919 170
1520530802.902611256 154
1520530802.952613115 139
1520530803.002614021 131
1520530803.052616119 183
1520530803.102764130 153
1520530803.152766228 143
1520530803.202767134 134
1520530803.252768993 209
1520530803.302770138 201
1520530803.352771997 180
1520530803.402774334 167
1520530803.452775240 253
1520530803.502920151 198
1520530803.552922010 186
1520530803.602922916 168
1520530803.652925253 149
1520530803.702926159 197
1520530803.752928019 185
1520530803.802930117 171
1520530803.852931023 299
1520530803.902932167 275
1520530803.952781200 199
1520530804.002792120 158
1520530804.052784204 228
1520530804.102786303 201
1520530804.152787209 344
1520530804.202789307 294
1520530804.252790213 332
1520530804.302792311 266
1520530804.352735758 276
1520530804.402737617 197
1520530804.452738762 260
1520530804.502740622 213
1520530804.552742004 295
1520530804.602743864 231
1520530804.652745724 283
1520530804.702746868 238
1520530804.752780199 293
1520530804.802782297 251
1520530804.852783442 307
1520530804.902784348 251
1520530804.952786207 274
1520530805.002788305 250
1520530805.052790165 280
1520530805.102791071 228
1520530805.152562380 133
1520530805.202564240 112
1520530805.252565622 215
1520530805.302567482 179
1520530805.352569342 213
1520530805.402570486 187
1520530805.452572346 215
1520530805.502573490 176
1520530805.552534580 178
1520530805.602536678 163
1520530805.652537584 239
1520530805.702538729 205
1520530805.752540588 259
1520530805.802542686 233
1520530805.852543831 213
1520530805.902545691 266
1520530805.952546597 241
1520530806.002724409 198
1520530806.052725315 195
1520530806.102727175 185
1520530806.152729273 335
1520530806.202730179 291
1520530806.252732277 303
1520530806.302733421 270
1520530806.352735281 306
1520530806.402897358 211
1520530806.452899694 200
1520530806.502901554 186
1520530806.552903414 283
1520530806.602904558 233
1520530806.652906418 235
1520530806.702908516 198
1520530806.752908468 240
1520530806.803025723 174
1520530806.853026867 194
1520530806.903029680 172
1520530806.953030586 152
1520530807.003031731 201
1520530807.053033829 166
1520530807.103034973 193
1520530807.153036833 158
1520530807.202843189 78
1520530807.252840996 91
1520530807.302842140 85
1520530807.352844000 75
1520530807.402845860 161
1520530807.452847004 118
1520530807.502849102 151
1520530807.552850008 117
1520530807.602721453 95
1520530807.652722597 86
1520530807.702724695 155
1520530807.752725840 98
1520530807.802727699 111
1520530807.852729559 75
1520530807.902730703 99
1520530807.952732563 131
1520530808.002812386 76
1520530808.052814245 109
1520530808.102815390 99
1520530808.152818441 59
1520530808.202819347 56
1520530808.252820492 69
1520530808.302822351 74
1520530808.352824211 84
1520530808.402826548 85
1520530808.452991009 50
1520530808.502992153 109
1520530808.552994013 81
1520530808.602995157 78
1520530808.652999163 83
1520530808.702999115 76
1520530808.753000259 109
1520530808.803002119 92
1520530808.852989435 85
1520530808.902898550 79
1520530808.952900410 113
1520530809.002902269 101
1520530809.052903414 87
1520530809.102905273 103
1520530809.152906179 90
1520530809.202908516 87
1520530809.252622604 43
1520530809.302624464 127
1520530809.352626324 105
1520530809.402627468 97
1520530809.452629566 88
1520530809.502630711 187
1520530809.552632570 104
1520530809.602633476 94
1520530809.652633905 78
1520530809.702635765 133
1520530809.752636671 108
1520530809.802638769 136
1520530809.852640867 110
1520530809.902641773 108
1520530809.952643871 88
1520530810.002644777 117
1520530810.053197622 22
1520530810.103198528 153
1520530810.153200626 101
1520530810.203201532 100
1520530810.253206491 77
1520530810.303205729 118
1520530810.353206635 101
1520530810.403207779 155
1520530810.453339100 197
1520530810.503276348 151
1520530810.553277254 198
1520530810.603279114 184
1520530810.653280258 206
1520530810.703282118 195
1520530810.753283262 204
1520530810.803285360 184
1520530810.853286028 149
1520530810.903261662 175
1520530810.953263521 160
1520530811.003264666 251
1520530811.053266764 224
1520530811.103267670 208
1520530811.153269768 225
1520530811.203270674 209
1520530811.253272533 193
1520530811.303123474 205
1520530811.353125334 196
1520530811.403127193 185
1520530811.453129530 171
1520530811.503130436 253
1520530811.553132296 231
1520530811.603134394 212
1520530811.653135300 193
1520530811.703139067 256
1520530811.753140926 241
1520530811.803142071 219
1520530811.853144169 319
1520530811.903147936 290
1520530811.953147173 354
1520530812.003149033 305
1520530812.053188086 240
1520530812.103106022 264
1520530812.153108120 232
1520530812.203110218 345
1520530812.253111124 282
1520530812.303113222 313
1520530812.353114128 276
1520530812.403115988 211
1520530812.453117132 283
1520530812.503178358 239
1520530812.553179026 336
1520530812.603181124 275
1520530812.653183222 235
1520530812.703184128 268
1520530812.753185987 233
1520530812.803188324 312
1520530812.853189230 239
1520530812.903190374 255
1520530812.953081369 199
1520530813.003083229 251
1520530813.053084373 223
1520530813.103086233 297
1520530813.153088331 240
1520530813.203089476 228
1520530813.253091335 183
1520530813.303093195 219
1520530813.352868557 106
1520530813.402869463 139
1520530813.452871561 127
1520530813.502872467 219
1520530813.552874565 186
1520530813.602876663 158
1520530813.652886629 187
1520530813.702878475 163
1520530813.752878428 149
1520530813.802880287 190
1520530813.852881432 163
1520530813.902883291 246
1520530813.952884197 211
1520530814.002886295 253
1520530814.052887201 207
1520530814.102889299 277
1520530814.153383255 31
1520530814.203385115 344
1520530814.253386974 286
1520530814.303388119 294
1520530814.353389978 247
1520530814.403392076 263
1520530814.453393221 238
1520530814.503394127 241
1520530814.553365469 211
1520530814.603367329 245
1520530814.653369427 209
1520530814.703370571 255
1520530814.753371477 199
1520530814.803373337 257
1520530814.853375435 211
1520530814.903376341 170
1520530814.953189135 109
1520530815.003187180 103
1520530815.053189039 214
1520530815.103190184 160
1520530815.153192282 183
1520530815.203193426 151
1520530815.253195286 203
1520530815.303196192 157
1520530815.353198290 99
1520530815.403064489 55
1520530815.453065395 155
1520530815.503067732 101
1520530815.553068638 118
1520530815.603070498 103
1520530815.653071642 153
1520530815.703073502 105
1520530815.753074646 131
1520530815.803066015 78
1520530815.853068113 101
1520530815.903069258 149
1520530815.953071117 88
1520530816.003072262 85
1520530816.053074121 123
1520530816.103075027 90
1520530816.153077364 62
1520530816.203195095 28
1520530816.253196239 46
1520530816.303198099 40
1520530816.353200197 48
1520530816.403201342 44
1520530816.453202248 43
1520530816.503205061 49
1520530816.553205252 62
1520530816.603259802 84
1520530816.653261900 88
1520530816.703267813 81
1520530816.753264904 74
1520530816.803265810 135
1520530816.853267670 111
1520530816.903270006 88
1520530816.953270674 85
1520530817.002976418 43
1520530817.052977562 115
1520530817.102979660 99
1520530817.152980566 86
1520530817.202982664 89
1520530817.252983570 83
1520530817.302985430 123
1520530817.352986574 102
1520530817.402988434 101
1520530817.452914715 103
1520530817.502915621 87
1520530817.552917719 115
1520530817.602919579 145
1520530817.652920485 90
1520530817.702921629 94
1520530817.752923727 122
1520530817.802925587 87
1520530817.853491545 15
1520530817.903492689 125
1520530817.953494549 89
1520530818.003496408 82
1520530818.053497553 101
1520530818.103499413 101
1520530818.153500557 87
1520530818.203501463 107
1520530818.253752947 107
1520530818.303755760 104
1520530818.353755951 163
1520530818.403757811 151
1520530818.453758955 196
1520530818.503833771 181
1520530818.553761721 205
1520530818.603764057 168
1520530818.653602362 146
1520530818.703604221 139
1520530818.753605366 195
1520530818.803607225 178
1520530818.853608131 163
1520530818.903610468 220
1520530818.953611374 197
1520530819.003613234 175
1520530819.053454638 136
1520530819.103455782 127
1520530819.153457642 109
1520530819.203458548 150
1520530819.253460646 144
1520530819.303462744 137
1520530819.353463650 129
1520530819.403465748 122
1520530819.453362465 181
1520530819.503363609 172
1520530819.553365469 160
1520530819.603366375 285
1520530819.653368473 255
1520530819.703369379 325
1520530819.753374577 284
1520530819.803372622 338
1520530819.853374481 268
1520530819.903324604 288
1520530819.953331709 257
1520530820.003327847 318
1520530820.053329945 275
1520530820.103371859 323
1520530820.153332710 275
1520530820.203334808 227
1520530820.253335714 284
1520530820.303466558 212
1520530820.353467703 269
1520530820.403469563 230
1520530820.453470469 280
1520530820.503472567 225
1520530820.553473473 271
1520530820.603475571 212
1520530820.653477669 264
1520530820.703377008 198
1520530820.753378868 245
1520530820.803379774 191
1520530820.853381872 230
1520530820.903382778 283
1520530820.953384638 260
1520530821.003386974 204
1520530821.053388834 236
1520530821.103219032 142
1520530821.153219938 142
1520530821.203221083 128
1520530821.253222942 112
1520530821.303223848 185
1520530821.353225946 155
1520530821.403227806 142
1520530821.453228712 180
1520530821.503483057 114
1520530821.553485394 103
1520530821.603487253 129
1520530821.653488159 121
1520530821.703495264 242
1520530821.753491163 201
1520530821.803493023 285
1520530821.853494167 236
1520530821.903496265 263
1520530821.953847647 157
1520530822.003849745 141
1520530822.053850651 278
1520530822.103852510 234
1520530822.153853655 273
1520530822.203855515 227
1520530822.253857613 286
1520530822.303858757 244
1520530822.353642702 205
1520530822.403643608 192
1520530822.453645468 170
1520530822.503646612 262
1520530822.553648710 232
1520530822.603650570 201
1520530822.653652668 226
1520530822.703653574 176
1520530822.753499985 161
1520530822.803502083 125
1520530822.853503942 114
1520530822.903504848 200
1520530822.953507185 162
1520530823.003507853 183
1520530823.053509951 134
1520530823.103511095 190
1520530823.153322220 106
1520530823.203323126 80
1520530823.253325224 180
1520530823.303327322 118
1520530823.353328228 83
1520530823.403330326 134
1520530823.453331232 108
1520530823.503333092 78
1520530823.553307533 115
1520530823.603309631 103
1520530823.653310776 82
1520530823.703312635 115
1520530823.753313541 94
1520530823.803315639 75
1520530823.853317738 107
1520530823.903318644 85
1520530823.953421116 57
1520530824.003422022 115
1520530824.053424120 93
1520530824.103425980 72
1520530824.153426886 68
1520530824.203429222 74
1520530824.253430128 81
1520530824.303431988 100
1520530824.353433132 79
1520530824.403522968 72
1520530824.453525066 99
1520530824.503526926 88
1520530824.553528070 99
1520530824.603528976 76
1520530824.653530836 97
1520530824.703531981 81
1520530824.753535986 105
1520530824.803378105 88
1520530824.853379011 82
1520530824.903381109 120
1520530824.953473091 105
1520530825.003384113 122
1520530825.053385258 108
1520530825.103387117 94
1520530825.153388023 113
1520530825.203181982 78
1520530825.253183126 158
1520530825.303185225 128
1520530825.353186131 130
1520530825.403188229 106
1520530825.453190088 123
1520530825.503190994 105
1520530825.553193331 121
1520530825.603213072 99
1520530825.653214931 122
1520530825.703216076 97
1520530825.753217936 126
1520530825.803220034 93
1520530825.853221178 98
1520530825.903223038 83
1520530825.953224897 92
1520530826.003935575 114
1520530826.053935289 46
1520530826.103938341 87
1520530826.153939486 112
1520530826.203940392 99
1520530826.253942251 112
1520530826.303944349 104
1520530826.353945255 137
1520530826.404023409 193
1520530826.454024076 157
1520530826.504024982 182
1520530826.554083109 172
1520530826.604029179 230
1520530826.654030085 200
1520530826.704032183 186
1520530826.754033089 249
1520530826.804035187 222
1520530826.853658915 125
1520530826.903660774 145
1520530826.953661919 143
1520530827.003663778 139
1520530827.053666115 134
1520530827.103667021 238
1520530827.153668880 222
1520530827.203670025 201
1520530827.253637075 220
1520530827.303637981 207
1520530827.353640079 185
1520530827.403642178 269
1520530827.453643084 242
1520530827.503645182 327
1520530827.553647041 281
1520530827.603647947 376
1520530827.653593063 286
1520530827.703594923 234
1520530827.753596067 233
1520530827.803598166 217
1520530827.853599310 330
1520530827.903600216 280
1520530827.953602076 325
1520530828.003604174 243
1520530828.053573132 180
1520530828.103574038 224
1520530828.153593063 187
1520530828.203577995 301
1520530828.253578901 230
1520530828.303580999 280
1520530828.353582144 238
1520530828.403584003 271
1520530828.453457832 188
1520530828.503459930 208
1520530828.553461075 171
1520530828.603462934 223
1520530828.653464794 181
1520530828.703465939 245
1520530828.753467798 209
1520530828.803468704 202
1520530828.853471041 165
1520530828.903293371 146
1520530828.953294277 143
1520530829.003296137 208
1520530829.053297520 170
1520530829.103299379 181
1520530829.153301239 165
1520530829.203302383 144
1520530829.253304243 180
1520530829.303629160 81
1520530829.353631020 87
1520530829.403632164 262
1520530829.453637123 216
1520530829.503634930 252
1520530829.553637028 209
1520530829.603639126 260
1520530829.653640032 340
1520530829.704049587 95
1520530829.754051685 92
1520530829.804053545 279
1520530829.854054689 248
1520530829.904056549 248
1520530829.954057693 204
1520530830.004059553 242
1520530830.054060459 215
1520530830.103815317 165
1520530830.153816223 156
1520530830.203818321 239
1520530830.253820419 187
1520530830.303821325 159
1520530830.353823185 184
1520530830.403824329 140
1520530830.453826189 221
1520530830.503615856 104
1520530830.553617954 108
1520530830.603619814 84
1520530830.653620720 188
1520530830.703622818 129
1520530830.753624916 147
1520530830.803626776 86
1520530830.853627920 123
1520530830.903462410 82
1520530830.953464270 183
1520530831.003466606 133
1520530831.053467274 91
1520530831.103468180 108
1520530831.153470516 83
1520530831.203472376 132
1520530831.253473520 95
1520530831.303475380 110
1520530831.353523970 80
1520530831.403623819 90
1520530831.453526974 141
1520530831.503529072 77
1520530831.553530216 58
1520530831.603532076 74
1520530831.653533220 49
1520530831.703535080 55
1520530831.753732681 27
1520530831.803734541 74
1520530831.853736639 81
1520530831.903737545 92
1520530831.953739405 102
1520530832.003740788 79
1520530832.053742647 85
1520530832.103743792 77
1520530832.153733492 78
1520530832.203735352 100
1520530832.253736258 84
1520530832.303738356 105
1520530832.353740215 89
1520530832.403741121 78
1520530832.453743458 93
1520530832.503744364 89
1520530832.553491354 68
1520530832.603493690 137
1520530832.653494596 112
1520530832.703496456 99
1520530832.753497601 94
1520530832.803498507 86
1520530832.853500366 125
1520530832.903501511 105
1520530832.953346491 67
1520530833.003408432 170
1520530833.053349495 108
1520530833.103351593 105
1520530833.153352499 80
1520530833.203354359 109
1520530833.253355503 90
1520530833.303357363 125
1520530833.353605747 68
1520530833.403606415 148
1520530833.453608513 98
1520530833.503609657 92
1520530833.553611517 78
1520530833.603613377 108
1520530833.653614521 86
1520530833.703615427 87
1520530833.753617525 92
1520530833.804356098 13
1520530833.854357243 100
1520530833.904359102 83
1520530833.954361200 115
1520530834.004362345 100
1520530834.054364204 136
1520530834.104366064 121
1520530834.154367208 176
1520530834.204151869 152
1520530834.254152775 134
1520530834.304154634 193
1520530834.354155779 167
1520530834.404156685 227
1520530834.454158783 204
1520530834.504159689 188
1520530834.554161549 175
1520530834.603904486 160
1520530834.653884411 152
1520530834.703886271 140
1520530834.753887415 132
1520530834.803889513 121
1520530834.853890419 112
1520530834.903892517 105
1520530834.953893423 163
1520530835.003848076 146
1520530835.053850174 141
1520530835.103851318 223
1520530835.153853178 208
1520530835.203854322 179
1520530835.253856182 282
1520530835.303858280 267
1520530835.353859425 333
1520530835.403751373 246
1520530835.453752518 217
1520530835.503754377 249
1520530835.553756475 225
1520530835.603757620 201
1520530835.653759480 265
1520530835.703760386 236
1520530835.753762484 184
1520530835.803792238 252
1520530835.853783607 230
1520530835.903788567 309
1520530835.953786373 273
1520530836.003787518 312
1520530836.053789377 252
1520530836.103791475 285
1520530836.153792620 224
1520530836.203794479 280
1520530836.253842592 340
1520530836.303844690 245
1520530836.353845835 251
1520530836.403847694 200
1520530836.453848600 250
1520530836.503850698 216
1520530836.553852558 247
1520530836.603853464 203
1520530836.653644085 155
1520530836.703644991 127
1520530836.753647089 218
1520530836.803647995 183
1520530836.853649855 219
1520530836.903650999 179
1520530836.953653097 186
1520530837.003654957 163
1520530837.053571224 174
1520530837.103573322 150
1520530837.153575182 204
1520530837.203576326 167
1520530837.253578186 179
1520530837.303579092 159
1520530837.353581429 186
1520530837.403583288 164
1520530837.453924179 82
1520530837.503925085 257
1520530837.553927183 202
1520530837.603929043 256
1520530837.653929949 215
1520530837.703931093 276
1520530837.753932953 238
1520530837.803935051 318
1520530837.854232311 270
1520530837.904138327 206
1520530837.954139471 197
1520530838.004141331 266
1520530838.054142237 229
1520530838.104144335 277
1520530838.154145241 243
1520530838.204147100 260
1520530838.254149437 238
1520530838.304105282 241
1520530838.354107141 201
1520530838.404108286 224
1520530838.454110146 189
1520530838.504111052 199
1520530838.554113388 166
1520530838.604115248 200
1520530838.654116154 171
1520530838.703937292 124
1520530838.753938437 106
1520530838.803940296 181
1520530838.853942156 139
1520530838.903944492 191
1520530838.953945398 130
1520530839.003947258 94
1520530839.053948402 163
1520530839.103765249 93
1520530839.153767109 80
1520530839.203769445 145
1520530839.253770351 95
1520530839.303771496 100
1520530839.353773355 75
1520530839.403775215 125
1520530839.453829288 96
1520530839.503781796 122
1520530839.553782940 76
1520530839.603785038 91
1520530839.653786182 112
1520530839.703788042 114
1520530839.753789902 75
1520530839.803791046 64
1520530839.853792906 84
1520530839.903963327 22
1520530839.953965425 60
1520530840.003966570 55
1520530840.053968430 65
1520530840.103969574 71
1520530840.153971434 66
1520530840.203973293 52
1520530840.253974438 56
1520530840.304033995 53
1520530840.354035139 62
1520530840.404038191 74
1520530840.454039097 96
1520530840.504041195 79
1520530840.554042101 89
1520530840.604043245 77
1520530840.654045105 91
1520530840.704046011 81
1520530840.753756762 64
1520530840.803757906 104
1520530840.853759766 86
1520530840.903761864 92
1520530840.953762770 83
1520530841.003764629 105
1520530841.053775787 107
1520530841.103767872 92
1520530841.153441191 43
1520530841.203443289 106
1520530841.253444433 88
1520530841.303446293 90
1520530841.353448153 79
1520530841.403449297 101
1520530841.453451157 80
1520530841.503452301 85
1520530841.553540707 82
1520530841.603541613 132
1520530841.653543711 85
1520530841.703545570 58
1520530841.753546476 112
1520530841.803548574 80
1520530841.853549480 118
1520530841.903551579 110
1520530841.953866005 84
1520530842.003867865 81
1520530842.053869724 190
1520530842.103870869 173
1520530842.153872967 138
1520530842.203874111 168
1520530842.253875971 151
1520530842.303877831 138
1520530842.353804350 133
1520530842.403806210 163
1520530842.453807116 156
1520530842.503809214 148
1520530842.553810120 221
1520530842.603811979 196
1520530842.653813362 176
1520530842.703815222 234
1520530842.753816366 221
1520530842.803919315 183
1520530842.853920460 225
1520530842.903922319 215
1520530842.953924417 198
1520530843.003925562 295
1520530843.053927422 259
1520530843.103928328 228
1520530843.153930426 278
1520530843.203974724 261
1520530843.253976583 215
1520530843.303977728 318
1520530843.353979588 277
1520530843.403981686 343
1520530843.453982830 306
1520530843.503984690 266
1520530843.553985834 297
1520530843.603940248 247
1520530843.653942585 289
1520530843.703944445 251
1520530843.753945351 326
1520530843.803946495 256
1520530843.853949547 302
1520530843.903950691 222
1520530843.953951597 238
1520530844.003965139 268
1520530844.053963184 297
1520530844.103965282 317
1520530844.153966427 262
1520530844.203968287 225
1520530844.253969431 187
1520530844.304044247 249
1520530844.353972197 200
1520530844.403861761 194
1520530844.453862906 166
1520530844.503864765 226
1520530844.553865910 186
1520530844.603868008 155
1520530844.653869867 182
1520530844.703871012 160
1520530844.753872871 202
1520530844.804014921 141
1520530844.854016781 157
1520530844.904017925 148
1520530844.954019785 207
1520530845.004021645 160
1520530845.054023027 215
1520530845.104024887 180
1520530845.154025793 245
1520530845.204027891 293
1520530845.254548788 58
1520530845.304550648 280
1520530845.354551792 234
1520530845.404552698 301
1520530845.454554558 230
1520530845.504555702 296
1520530845.554557800 252
1520530845.604559898 285
1520530845.654413939 242
1520530845.704415083 212
1520530845.754415989 202
1520530845.804417849 237
1520530845.854418993 216
1520530845.904448748 225
1520530845.954421759 194
1520530846.004423857 194
1520530846.054295778 145
1520530846.104297638 166
1520530846.154298782 123
1520530846.204300880 191
1520530846.254302740 149
1520530846.304303885 162
1520530846.354305744 108
1520530846.404306889 189
1520530846.454087734 113
1520530846.504088879 96
1520530846.554090738 149
1520530846.604092598 114
1520530846.654093742 92
1520530846.704095840 132
1520530846.754096985 107
1520530846.804098845 79
1520530846.853992462 83
1520530846.903994560 81
1520530846.953995466 167
1520530847.003997803 113
1520530847.053999662 125
1520530847.104000568 92
1520530847.154001713 133
1520530847.204005718 94
1520530847.254088402 82
1520530847.304090738 114
1520530847.354091406 89
1520530847.404093504 90
1520530847.454094648 81
1520530847.504096508 73
1520530847.554097414 56
1520530847.604099512 72
1520530847.654100418 81
1520530847.704269648 52
1520530847.754270792 102
1520530847.804272652 87
1520530847.854274511 88
1520530847.904275656 83
1520530847.954277515 100
1520530848.004278898 93
1520530848.054280758 112
1520530848.104164600 89
1520530848.154166460 88
1520530848.204168558 112
1520530848.254169703 98
1520530848.304171562 121
1520530848.354172468 106
1520530848.404174566 130
1520530848.454176426 111
1520530848.503816128 43
1520530848.553818226 126
1520530848.603819370 93
1520530848.653821230 123
1520530848.703822136 106
1520530848.753824234 178
1520530848.803826094 124
1520530848.853827238 141
1520530848.903765440 131
1520530848.953767776 110
1520530849.003768682 105
1520530849.053775549 79
1520530849.103771687 87
1520530849.153861523 109
1520530849.203774452 81
1520530849.253775597 80
1520530849.304012299 48
1520530849.354014397 108
1520530849.404015303 87
1520530849.454017162 97
1520530849.504018545 86
1520530849.554020405 147
1520530849.604021311 128
1520530849.654023409 155
1520530849.704024315 129
1520530849.754075050 160
1520530849.804077148 143
1520530849.854078293 131
1520530849.904080153 182
1520530849.954081059 169
1520530850.004083157 160
1520530850.054084063 197
1520530850.104087114 185
1520530850.154247284 148
1520530850.204247952 133
1520530850.254250050 121
1520530850.304252148 113
1520530850.354254007 130
1520530850.404256105 128
1520530850.454256058 124
1520530850.504258156 259
1520530850.554295063 231
1520530850.604296923 201
1520530850.654297829 268
1520530850.704299927 246
1520530850.754339933 346
1520530850.804302931 315
1520530850.854304075 360
1520530850.904305935 294
1520530850.954236984 342
1520530851.004238844 305
1520530851.054240942 256
1520530851.104241848 305
1520530851.154244184 273
1520530851.204245090 332
1520530851.254246950 297
1520530851.304248095 264
1520530851.354319811 279
1520530851.404321909 234
1520530851.454323053 317
1520530851.504324913 248
1520530851.554325819 285
1520530851.604327917 240
1520530851.654328823 267
1520530851.704330683 212
1520530851.754292250 221
1520530851.804294109 288
1520530851.854296207 293
1520530851.904297113 320
1520530851.954298019 242
1520530852.004300356 217
1520530852.054301262 249
1520530852.104303360 185
1520530852.154304266 226
1520530852.204151154 165
1520530852.254152298 166
1520530852.304154158 148
1520530852.354155064 232
1520530852.404157162 200
1520530852.454158068 213
1520530852.504159927 181
1520530852.554161072 226
1520530852.604380131 147
1520530852.654381990 165
1520530852.704382896 151
1520530852.754385233 245
1520530852.804386139 204
1520530852.854387999 282
1520530852.904389143 207
1520530852.954391003 266
1520530853.004533291 245
1520530853.054534435 203
1520530853.104536295 277
1520530853.154537201 242
1520530853.204539299 240
1520530853.254540205 210
1520530853.304543257 276
1520530853.354544401 226
1520530853.404341936 146
1520530853.454342842 133
1520530853.504344940 263
1520530853.554346085 221
1520530853.604347944 181
1520530853.654348850 185
1520530853.704349995 149
1520530853.754352808 191
1520530853.804126263 88
1520530853.854123116 100
1520530853.904125214 92
1520530853.954126120 82
1520530854.004222155 164
1520530854.054129124 126
1520530854.104130983 138
1520530854.154132128 105
1520530854.204134226 97
1520530854.254028320 74
1520530854.304029465 189
1520530854.354031324 121
1520530854.404032230 90
1520530854.454034328 97
1520530854.504035234 87
1520530854.554037333 99
1520530854.604039431 93
1520530854.654197931 43
1520530854.704200029 97
1520530854.754200935 81
1520530854.804203033 95
1520530854.854204893 89
1520530854.904206038 84
1520530854.954207897 83
1520530855.004209995 106
1520530855.054454327 41
1520530855.104456425 124
1520530855.154457331 109
1520530855.204459429 108
1520530855.254460335 96
1520530855.304462433 116
1520530855.354463577 105
1520530855.404465437 147
1520530855.454261780 81
1520530855.504263639 140
1520530855.554264545 114
1520530855.604308844 97
1520530855.654267550 91
1520530855.704269648 97
1520530855.754270792 89
1520530855.804272652 78
1520530855.853945971 41
1520530855.903946638 149
1520530855.953948736 122
1520530856.003949881 146
1520530856.053951740 121
1520530856.103952885 161
1520530856.153954744 133
1520530856.203956842 166
1520530856.253995657 129
1520530856.303997993 143
1520530856.353999853 98
1520530856.404000759 130
1520530856.454001904 106
1520530856.504003763 113
1520530856.554005861 85
1520530856.604007006 127
1520530856.654008865 101
1520530856.704353094 50
1520530856.754354954 186
1520530856.804356813 159
1520530856.854357958 140
1520530856.904358864 161
1520530856.954360723 145
1520530857.004363060 184
1520530857.054363966 159
1520530857.104498625 162
1520530857.154500723 150
1520530857.204501867 130
1520530857.254502773 201
1520530857.304504633 179
1520530857.354506731 157
1520530857.404507637 232
1520530857.454509497 200
1520530857.504649162 184
1520530857.554651022 171
1520530857.604651928 163
1520530857.654654264 250
1520530857.704655170 222
1520530857.754657030 199
1520530857.804659128 243
1520530857.854660034 225
1520530857.904691935 213
1520530857.954693794 191
1520530858.004694939 269
1520530858.054695845 250
1520530858.104697943 217
1520530858.154700041 282
1520530858.204701900 261
1520530858.254702806 339
1520530858.304575920 238
1520530858.354578018 293
1520530858.404578924 270
1520530858.454581022 367
1520530858.504582882 308
1520530858.554583788 311
1520530858.604585886 276
1520530858.654592037 307
1520530858.704606771 265
1520530858.754607916 333
1520530858.804609776 279
1520530858.854706764 337
1520530858.904612780 270
1520530858.954613686 218
1520530859.004615784 262
1520530859.054617882 227
1520530859.104618788 197
1520530859.154594898 264
1520530859.204596043 200
1520530859.254597902 253
1520530859.304598808 199
1520530859.354600906 262
1520530859.404602766 211
1520530859.454603672 252
1520530859.504606009 195
1520530859.554533005 200
1520530859.604535103 168
1520530859.654536009 204
1520530859.704538107 239
1520530859.754539013 185
1520530859.804542065 204
1520530859.854543209 177
1520530859.904544115 237
1520530859.954867601 105
1520530860.004869699 130
1520530860.054871559 126
1520530860.104873657 112
1520530860.154873610 242
1520530860.204875469 213
1520530860.254876614 193
1520530860.304878473 259
1520530860.355013609 294
1520530860.405015469 240
1520530860.455060720 327
1520530860.505018711 252
1520530860.555019617 291
1520530860.605021715 254
1520530860.655023575 278
1520530860.705024719 236
1520530860.754849911 193
1520530860.804851055 175
1520530860.854852915 226
1520530860.904853821 200
1520530860.954855919 267
1520530861.004857779 212
1520530861.054858685 223
1520530861.104861021 181
1520530861.154861927 144
1520530861.204705715 112
1520530861.254708052 101
1520530861.304708958 245
1520530861.354710102 164
1520530861.404711962 202
1520530861.454713821 147
1520530861.504714966 196
1520530861.554716825 139
1520530861.604568005 75
1520530861.654568911 206
1520530861.704571247 149
1520530861.754571915 180
1520530861.804574013 99
1520530861.854575157 93
1520530861.904577017 96
1520530861.954577923 106
1520530862.004641056 89
1520530862.054642200 121
1520530862.104644060 90
1520530862.154645205 76
1520530862.204647064 82
1520530862.254649162 130
1520530862.304650307 106
1520530862.354652166 75
1520530862.404806614 71
1520530862.454808474 180
1520530862.504809618 143
1520530862.554811716 115
1520530862.604813576 101
1520530862.654814720 143
1520530862.704816580 129
1520530862.754817486 149
1520530862.804625988 84
1520530862.854626894 80
1520530862.904628754 140
1520530862.954629898 113
1520530863.004631758 118
1520530863.054633617 99
1520530863.104634762 101
1520530863.154636860 94
1520530863.204078913 22
1520530863.254079819 89
1520530863.304081678 79
1520530863.354083776 94
1520530863.404084682 84
1520530863.454085588 128
1520530863.504087925 102
1520530863.554088593 103
1520530863.604090691 143
1520530863.653908968 54
1520530863.704003811 136
1520530863.753911734 133
1520530863.803914070 138
1520530863.853915930 104
1520530863.903916836 110
1520530863.953918934 88
1520530864.003919840 102
1520530864.054670811 347
1520530864.104672909 98
1520530864.154673815 195
1520530864.204676151 289
1520530864.254677057 271
1520530864.304678917 276
1520530864.354680061 183
1520530864.404681921 185
1520530864.455241680 100
1520530864.505243540 97
1520530864.555244446 190
1520530864.605246782 210
1520530864.655248642 167
1520530864.705250502 170
1520530864.755251646 137
1520530864.805252552 164
1520530864.854247332 15
1520530864.904249668 185
1520530864.954250574 150
1520530865.004252434 154
1520530865.054254532 165
1520530865.104255438 182
1520530865.154261589 176
1520530865.204258442 179
1520530865.253918886 13
1520530865.303959131 119
1520530865.353922844 136
1520530865.403923988 161
1520530865.453925848 157
1520530865.503926992 164
1520530865.553928852 142
1520530865.603929758 174
1520530865.653932095 180
1520530865.704600573 205
1520530865.754602671 260
1520530865.804604769 279
1520530865.854605675 228
1520530865.904607773 193
1520530865.954608679 157
1520530866.004610538 132
1520530866.054612637 125
1520530866.105678082 179
1520530866.155680180 132
1520530866.205681086 123
1520530866.255683422 114
1520530866.305685282 101
1520530866.355687141 140
1520530866.405688286 177
1520530866.455689192 195
1520530866.504818439 47
1520530866.554819345 123
1520530866.604821205 139
1520530866.654822350 129
1520530866.704824209 123
1520530866.754826307 119
1520530866.804827452 138
1520530866.854828358 147
1520530866.903951168 113
1520530866.953953266 84
1520530867.003954172 116
1520530867.053956032 87
1520530867.103957176 103
1520530867.153959274 93
1520530867.203960419 131
1520530867.253962278 129
1520530867.304045200 110
1520530867.354047298 142
1520530867.404049158 165
1520530867.454050303 142
1520530867.504052162 175
1520530867.554054260 164
1520530867.604055405 215
1520530867.654056311 203
1520530867.705262184 125
1520530867.755264282 175
1520530867.805265188 259
1520530867.855267048 221
1520530867.905269146 200
1520530867.955270052 171
1520530868.005272150 163
1520530868.055273294 154
1520530868.105275154 147
1520530868.154267550 10
1520530868.204268456 141
1520530868.254269600 162
1520530868.304271698 178
1520530868.354272604 184
1520530868.404274702 203
1520530868.454276562 227
1520530868.504277468 192
1520530868.554019928 90
1520530868.603940964 77
1520530868.653942823 118
1520530868.703943729 118
1520530868.753945827 91
1520530868.803946733 70
1520530868.853948593 56
1520530868.903949738 53
1520530868.954710007 125
1520530869.004712105 95
1520530869.054713011 110
1520530869.104715109 100
1520530869.154716253 84
1520530869.204718113 78
1520530869.254719019 71
1520530869.304721117 87
1520530869.355246305 19
1520530869.405247211 63
1520530869.455249071 102
1520530869.505250216 135
1520530869.555252314 123
1520530869.605253220 145
1520530869.655255318 147
1520530869.705257177 143
1520530869.754108667 59
1520530869.804110527 53
1520530869.854111671 86
1520530869.904113770 80
1520530869.954115629 124
1520530870.004116774 107
1520530870.054117680 136
1520530870.104119539 116
1520530870.153995752 84
1520530870.203977823 158
1520530870.253979683 143
1520530870.303980827 131
1520530870.353982687 117
1520530870.403983593 107
1520530870.453985691 105
1520530870.503986597 108
1520530870.553988695 94
1520530870.604328632 38
1520530870.654329538 64
1520530870.704331636 195
1520530870.754332781 160
1520530870.804334641 155
1520530870.854335546 108
1520530870.904337645 111
1520530870.954338551 126
1520530871.005245209 189
1520530871.055247068 182
1520530871.105249166 160
1520530871.155250072 218
1520530871.205252171 203
1520530871.255253315 215
1520530871.305255175 172
1520530871.355257034 145
1520530871.404156685 65
1520530871.454157829 37
1520530871.504159689 68
1520530871.554161549 89
1520530871.604162931 107
1520530871.654163599 140
1520530871.704165936 196
1520530871.754167795 175
1520530871.804374456 88
1520530871.854376793 82
1520530871.904377699 65
1520530871.954379559 94
1520530872.004380703 87
1520530872.054382563 71
1520530872.104383469 106
1520530872.154385567 142
1520530872.204461336 144
1520530872.254462242 200
1520530872.304464102 216
1520530872.354465246 175
1520530872.404467106 199
1520530872.454468012 161
1520530872.504470348 156
1520530872.554471254 164
1520530872.604473114 147
1520530872.654145956 37
1520530872.704148054 123
1520530872.754149199 114
1520530872.804151058 101
1520530872.854152203 87
1520530872.904153109 89
1520530872.954155922 135
1520530873.004157066 125
1520530873.054336071 54
1520530873.104337931 156
1520530873.154339075 131
1520530873.204340935 166
1520530873.254342079 183
1520530873.304344177 146
1520530873.354346037 106
1520530873.404403925 83
1520530873.454876423 78
1520530873.504877329 86
1520530873.554879189 193
1520530873.604880333 219
1520530873.654882193 201
1520530873.704883337 182
1520530873.754885435 201
1520530873.804887295 193
1520530873.854907036 181
1520530873.904909372 217
1520530873.954910278 191
1520530874.004912138 167
1520530874.054913282 168
1520530874.104915142 182
1520530874.154917002 180
1520530874.204918385 165
1520530874.254431486 46
1520530874.304432392 154
1520530874.354434252 145
1520530874.404436588 128
1520530874.454437494 161
1520530874.504439354 140
1520530874.554441452 169
1520530874.604442358 149
1520530874.654208660 58
1520530874.704210758 143
1520530874.754211903 131
1520530874.804213762 116
1520530874.854215622 118
1520530874.904216766 108
1520530874.954218864 95
1520530875.004220009 88
1520530875.054221869 107
1520530875.104334593 80
1520530875.154336691 76
1520530875.204337597 95
1520530875.254339695 90
1520530875.304340839 85
1520530875.354342699 80
1520530875.404344559 80
1520530875.454345703 122
