1520530731.450020313 0.0000
1520530731.500021219 0.4505
1520530731.550009966 0.3599
1520530731.600011110 0.4237
1520530731.650012016 0.4398
1520530731.700013876 0.3923
1520530731.750015974 0.4125
1520530731.800016880 0.4107
1520530731.850101948 0.3607
1520530731.900019884 0.3740
1520530731.950036049 0.4125
1520530732.000037193 0.4081
1520530732.050039053 0.4390
1520530732.100039959 0.5024
1520530732.150042057 0.4234
1520530732.200043917 0.4341
1520530732.250044823 0.4304
1520530732.300047159 0.4024
1520530732.350048065 0.3815
1520530732.400058270 0.4705
1520530732.450059175 0.4514
1520530732.500061512 0.4772
1520530732.550063372 0.4230
1520530732.600064278 0.4126
1520530732.650066376 0.4315
1520530732.700067282 0.4169
1520530732.750069618 0.3668
1520530732.800092936 0.3355
1520530732.850094080 0.4053
1520530732.900095940 0.3986
1520530732.950096846 0.4212
1520530733.000099182 0.3335
1520530733.050099850 0.3894
1520530733.100101948 0.3799
1520530733.150104046 0.3536
1520530733.200103760 0.3631
1520530733.250105858 0.3912
1520530733.300106764 0.4835
1520530733.350112677 0.4547
1520530733.400109768 0.4050
1520530733.450195789 0.3390
1520530733.500113010 0.4260
1520530733.550114870 0.4247
1520530733.600102663 0.4044
1520530733.650104523 0.4454
1520530733.700105429 0.4229
1520530733.750107765 0.3717
1520530733.800109625 0.3965
1520530733.850110531 0.3834
1520530733.900112629 0.3364
1520530733.950113535 0.3835
1520530734.000144958 0.3822
1520530734.050145864 0.3772
1520530734.100147724 0.3635
1520530734.150148869 0.3587
1520530734.200150728 0.4034
1520530734.250152588 0.3890
1520530734.300153971 0.3251
1520530734.350155830 0.3112
1520530734.400153160 0.3888
1520530734.450154305 0.3173
1520530734.500156164 0.3341
1520530734.550158024 0.3692
1520530734.600159168 0.3276
1520530734.650161266 0.3685
1520530734.700161934 0.2729
1520530734.750163317 0.2917
1520530734.800165176 0.3316
1520530734.850171328 0.3634
1520530734.900172472 0.3878
1520530734.950177431 0.4002
1520530735.000175714 0.3840
1520530735.050265551 0.3492
1520530735.100178480 0.3454
1520530735.150180578 0.3325
1520530735.200181484 0.3503
1520530735.250203133 0.3299
1520530735.300204039 0.3282
1520530735.350206137 0.3667
1520530735.400208235 0.3289
1520530735.450209141 0.3464
1520530735.500211239 0.3506
1520530735.550212145 0.3685
1520530735.600214005 0.3321
1520530735.650176287 0.2914
1520530735.700178146 0.3556
1520530735.750179291 0.3337
1520530735.800181150 0.2871
1520530735.850183249 0.2888
1520530735.900184393 0.3609
1520530735.950186253 0.4650
1520530736.000188351 0.4354
1520530736.050192118 0.4554
1520530736.100193024 0.4541
1520530736.150193930 0.4406
1520530736.200196028 0.4369
1520530736.250198126 0.5170
1520530736.300199270 0.4718
1520530736.350200176 0.5023
1520530736.400202036 0.4872
1520530736.450247765 0.4790
1520530736.500248909 0.5033
1520530736.550254822 0.4834
1520530736.600251675 0.4553
1520530736.650343657 0.5089
1520530736.700254679 0.5486
1520530736.750256538 0.5019
1520530736.800257683 0.4643
1520530736.850259781 0.4831
1520530736.900250196 0.4687
1520530736.950252295 0.4849
1520530737.000254154 0.4655
1520530737.050255060 0.4893
1520530737.100257397 0.5350
1520530737.150258064 0.5093
1520530737.200260162 0.5300
1520530737.250261307 0.5107
1520530737.300258875 0.5751
1520530737.350260735 0.6067
1520530737.400261879 0.4539
1520530737.450263739 0.4683
1520530737.500264645 0.5298
1520530737.550266981 0.5511
1520530737.600268841 0.3903
1520530737.650269747 0.4318
1520530737.700183392 0.5280
1520530737.750184298 0.3137
1520530737.800186157 0.3936
1520530737.850187302 0.4241
1520530737.900189161 0.4987
1520530737.950191021 0.5503
1520530738.000192165 0.3628
1520530738.050194263 0.4736
1520530738.100307703 0.4869
1520530738.150314808 0.5145
1520530738.200310707 0.3410
1520530738.250403643 0.3862
1520530738.300313711 0.5026
1520530738.350315809 0.5474
1520530738.400316715 0.5938
1520530738.450318575 0.4346
1520530738.500566959 0.6506
1520530738.550567865 0.3521
1520530738.600570202 0.4668
1520530738.650571108 0.6205
1520530738.700572968 0.6967
1520530738.750574112 0.5081
1520530738.800575972 0.6254
1520530738.850576878 0.5089
1520530738.900221348 0.7560
1520530738.950223684 0.2518
1520530739.000224590 0.6078
1520530739.050226450 0.5956
1520530739.100227594 0.6850
1520530739.150229454 0.5110
1520530739.200231314 0.5684
1520530739.250232458 0.6385
1520530739.300234556 0.7101
1520530739.350118637 0.5809
1520530739.400120497 0.5740
1520530739.450122595 0.6814
1520530739.500123739 0.6527
1520530739.550125599 0.4409
1520530739.600126743 0.5554
1520530739.650128603 0.5814
1520530739.700129509 0.5247
1520530739.750310898 0.6493
1520530739.800312996 0.6673
1520530739.850406170 0.3607
1520530739.900316000 0.5458
1520530739.950318098 0.5670
1520530740.000319004 0.5966
1520530740.050321102 0.6737
1520530740.100322008 0.4759
1520530740.150481224 0.6353
1520530740.200483322 0.4233
1520530740.250484228 0.5553
1520530740.300486088 0.5794
1520530740.350487232 0.5320
1520530740.400489330 0.6159
1520530740.450489998 0.7139
1520530740.500492334 0.6166
1520530740.550278187 0.7982
1520530740.600280046 0.4035
1520530740.650281906 0.5629
1520530740.700283051 0.5308
1520530740.750285149 0.6185
1520530740.800287008 0.4661
1520530740.850288153 0.5028
1520530740.900290012 0.6660
1520530740.950431824 0.5493
1520530741.000432730 0.6404
1520530741.050434589 0.4906
1520530741.100435734 0.5609
1520530741.150437593 0.5346
1520530741.200438499 0.6483
1520530741.250440598 0.4906
1520530741.300441504 0.6428
1520530741.350636959 0.5381
1520530741.400638103 0.5558
1520530741.450728178 0.3937
1520530741.500641108 0.4362
1520530741.550643206 0.4641
1520530741.600644112 0.5109
1520530741.650645971 0.5446
1520530741.700647116 0.5825
1520530741.750648975 0.6762
1520530741.800464153 0.5991
1520530741.850465298 0.5967
1520530741.900467157 0.6738
1520530741.950468063 0.7713
1520530742.000470161 0.2795
1520530742.050471067 0.4535
1520530742.100473166 0.5236
1520530742.150475264 0.4921
1520530742.200338125 0.5996
1520530742.250339985 0.6753
1520530742.300341129 0.4351
1520530742.350343227 0.5102
1520530742.400345087 0.6059
1520530742.450346231 0.6921
1520530742.500348091 0.7758
1520530742.550350189 0.6860
1520530742.600603819 0.6138
1520530742.650604725 0.2942
1520530742.700606823 0.3851
1520530742.750608921 0.5733
1520530742.800609827 0.7380
1520530742.850611687 0.5595
1520530742.900612831 0.7073
1520530742.950614691 0.5191
1520530743.000436783 0.6054
1520530743.050522566 0.3215
1520530743.100439548 0.4244
1520530743.150441647 0.4908
1520530743.200442553 0.5834
1520530743.250444889 0.5523
1520530743.300445795 0.6215
1520530743.350447655 0.6169
1520530743.400276661 0.7318
1520530743.450277805 0.5126
1520530743.500279903 0.5922
1520530743.550281048 0.5085
1520530743.600282907 0.6302
1520530743.650283813 0.5658
1520530743.700285912 0.5517
1520530743.750287771 0.6005
1520530743.800288677 0.6607
1520530743.851239920 0.0000
1520530743.901240826 0.6213
1520530743.951242685 0.7022
1520530744.001243830 0.5305
1520530744.051246881 0.7757
1520530744.101247787 0.6166
1520530744.151248932 0.6740
1520530744.201250792 0.5554
1520530744.251205206 0.5713
1520530744.301206112 0.6583
1520530744.351207972 0.4854
1520530744.401209116 0.6065
1520530744.451210022 0.5203
1520530744.501211882 0.5909
1520530744.551213980 0.4865
1520530744.601214886 0.6144
1520530744.651044369 0.7393
1520530744.700966120 0.7742
1520530744.750968218 0.5121
1520530744.800969124 0.7800
1520530744.850971222 0.6034
1520530744.900972366 0.7803
1520530744.950974226 0.5195
1520530745.000976086 0.6944
1520530745.051078081 0.5356
1520530745.101080179 0.6258
1520530745.151081324 0.3884
1520530745.201083183 0.5556
1520530745.251084089 0.5239
1520530745.301086187 0.6286
1520530745.351088047 0.5866
1520530745.401088953 0.5935
1520530745.451043129 0.6100
1520530745.501044035 0.5920
1520530745.551045895 0.7694
1520530745.601047993 0.5964
1520530745.651048899 0.8576
1520530745.701051235 0.6464
1520530745.751053095 0.8137
1520530745.801054001 0.6141
1520530745.850826025 0.7387
1520530745.900828123 0.4581
1520530745.950829983 0.6085
1520530746.000830889 0.5515
1520530746.050833225 0.4916
1520530746.100834131 0.5353
1520530746.150839090 0.5713
1520530746.200837135 0.5666
1520530746.250910282 0.6429
1520530746.300487280 0.8675
1520530746.350489140 0.5540
1520530746.400490284 0.6534
1520530746.450492144 0.6547
1520530746.500493288 0.7032
1520530746.550495148 0.6364
1520530746.600497246 0.8278
1520530746.650498390 0.5609
1520530746.700510263 0.7934
1520530746.750511408 0.5117
1520530746.800513268 0.8539
1520530746.850514174 0.5609
1520530746.900516272 0.5958
1520530746.950518370 0.5165
1520530747.000519276 0.5947
1520530747.050521374 0.6174
1520530747.100689173 0.7435
1520530747.150691271 0.7387
1520530747.200693130 0.7080
1520530747.250695229 0.7561
1520530747.300696373 0.7482
1520530747.350697279 0.6571
1520530747.400699139 0.8189
1520530747.450701237 0.6501
1520530747.501333475 0.4474
1520530747.551335335 0.3359
1520530747.601336479 0.7576
1520530747.651339531 0.7570
1520530747.701339483 0.7996
1520530747.751341581 0.7144
1520530747.801342487 0.6144
1520530747.851408482 0.5112
1520530747.901266336 0.5636
1520530747.951268673 0.4693
1520530748.001269579 0.5767
1520530748.051271439 0.6808
1520530748.101272583 0.6656
1520530748.151274443 0.6529
1520530748.201276302 0.6658
1520530748.251277685 0.5523
1520530748.300789595 0.8945
1520530748.350790501 0.5640
1520530748.400792360 0.7961
1520530748.450793505 0.6319
1520530748.500795364 0.8154
1520530748.550797224 0.5776
1520530748.600798368 0.8213
1520530748.650800467 0.6769
1520530748.700801611 0.6777
1520530748.750571012 0.7964
1520530748.800571918 0.4379
1520530748.850573778 0.5788
1520530748.900576115 0.6066
1520530748.950576782 0.5663
1520530749.000578880 0.6112
1520530749.050580978 0.5856
1520530749.100584984 0.7514
1520530749.150922537 0.5462
1520530749.200923681 0.5453
1520530749.250924587 0.3232
1520530749.300926447 0.3761
1520530749.350927591 0.6373
1520530749.400929451 0.7070
1520530749.450988531 0.7224
1520530749.500932693 0.8122
1520530749.551299334 0.8252
1520530749.601300240 0.3899
1520530749.651302338 0.5520
1520530749.701303244 0.6525
1520530749.751305103 0.6061
1520530749.801307440 0.6301
1520530749.851308346 0.6228
1520530749.901310205 0.6608
1520530749.950998783 0.8925
1520530750.001000643 0.9595
1520530750.051001787 0.5394
1520530750.101003885 0.7861
1520530750.151004553 0.6084
1520530750.201006889 0.7853
1520530750.251008749 0.5648
1520530750.301009893 0.5575
1520530750.350639105 0.8720
1520530750.400640965 0.3752
1520530750.450642109 0.5905
1520530750.500644207 0.7589
1520530750.550644875 0.6810
1520530750.600647211 0.7841
1520530750.650648117 0.7121
1520530750.700654030 0.7281
1520530750.750652075 0.5711
1520530750.800614834 0.6990
1520530750.850617170 0.5370
1520530750.900618076 0.6526
1520530750.950618982 0.5298
1520530751.000621080 0.5213
1520530751.050668955 0.6178
1520530751.100623846 0.6472
1520530751.150625944 0.6993
1520530751.201260090 0.0000
1520530751.251261950 1.0697
1520530751.301262856 0.8060
1520530751.351264954 0.7194
1520530751.401267052 0.7209
1520530751.451268196 0.6444
1520530751.501270056 0.6100
1520530751.551270962 0.6405
1520530751.601708174 0.9998
1520530751.651709080 0.6241
1520530751.701711178 0.9493
1520530751.751712322 0.6497
1520530751.801714182 0.7957
1520530751.851716042 0.6271
1520530751.901717186 0.6315
1520530751.951719284 0.6449
1520530752.001096249 0.7767
1520530752.051097155 0.3898
1520530752.101099253 0.6371
1520530752.151101112 0.7425
1520530752.201102018 0.6051
1520530752.251103163 0.7397
1520530752.301105261 0.6149
1520530752.351107121 0.7701
1520530752.401229382 0.6418
1520530752.451231480 0.6052
1520530752.501233339 0.7729
1520530752.551233530 0.6720
1520530752.601235390 0.7374
1520530752.651273489 0.7622
1520530752.701238632 0.7376
1520530752.751240492 0.7358
1520530752.801898479 0.8596
1520530752.851900339 0.4152
1520530752.901901484 0.6081
1520530752.951903582 0.6336
1520530753.001905441 0.6324
1520530753.051906586 0.7072
1520530753.101908445 0.7207
1520530753.151909351 0.7807
1520530753.201911449 0.7926
1520530753.251553535 0.7920
1520530753.301555634 0.6384
1520530753.351556540 0.7548
1520530753.401558638 0.7505
1520530753.451560736 0.6897
1520530753.501561642 0.6437
1520530753.551563501 0.6870
1520530753.601565599 0.5961
1520530753.651035309 0.8763
1520530753.701037407 0.2940
1520530753.751039505 0.5484
1520530753.801040411 0.6001
1520530753.851041555 0.5927
1520530753.901043415 0.5371
1520530753.951045275 0.6470
1520530754.001046419 0.6333
1520530754.051765203 0.6449
1520530754.101767063 0.1612
1520530754.151767969 0.5606
1520530754.201770306 0.5788
1520530754.251797199 0.6214
1520530754.301773310 0.6262
1520530754.351775169 0.7058
1520530754.401776075 0.6921
1520530754.451720476 0.6727
1520530754.501721382 0.7218
1520530754.551723242 0.7266
1520530754.601725340 0.7558
1520530754.651726246 0.7555
1520530754.701728344 0.7279
1520530754.751729488 0.7434
1520530754.801731348 0.4914
1520530754.851698637 0.5060
1520530754.901700974 0.6114
1520530754.951701641 0.5120
1520530755.001703739 0.6555
1520530755.051705837 0.6192
1520530755.101706743 0.6503
1520530755.151708603 0.6541
1520530755.201710939 0.6844
1520530755.251591444 0.6763
1520530755.301592350 0.5078
1520530755.351593256 0.7027
1520530755.401595354 0.5589
1520530755.451596260 0.7720
1520530755.501598358 0.6839
1520530755.551599264 0.7514
1520530755.601601362 0.5467
1520530755.651602507 0.7199
1520530755.701246500 0.5791
1520530755.751247644 0.6518
1520530755.801249504 0.4270
1520530755.851266623 0.6017
1520530755.901252508 0.6136
1520530755.951254606 0.6978
1520530756.001255512 0.7351
1520530756.051257610 0.7678
1520530756.101238966 0.7632
1520530756.151241302 0.8674
1520530756.201243162 0.7144
1520530756.251244068 0.6486
1520530756.301246166 0.8050
1520530756.351247072 0.8617
1520530756.401248932 0.9847
1520530756.451250076 0.8166
1520530756.501374722 0.4831
1520530756.551376820 0.7185
1520530756.601377726 0.8415
1520530756.651379824 0.7401
1520530756.701380968 0.6251
1520530756.751382828 0.6718
1520530756.801383972 0.7504
1520530756.851385832 0.6244
1520530756.901524305 0.7856
1520530756.951526165 0.4306
1520530757.001527071 0.5818
1520530757.051529169 0.6587
1520530757.101530075 0.7944
1520530757.151530981 0.9892
1520530757.201533079 0.5042
1520530757.251533985 0.6099
1520530757.301300287 0.5810
1520530757.351301432 0.4032
1520530757.401303291 0.4819
1520530757.451311350 0.7150
1520530757.501306295 0.5614
1520530757.551308393 0.6459
1520530757.601309299 0.6288
1520530757.651311398 0.6823
1520530757.701312304 0.6068
1520530757.751027346 0.7428
1520530757.801029444 0.4566
1520530757.851030350 0.6376
1520530757.901032448 0.7513
1520530757.951033354 0.8170
1520530758.001035213 0.5507
1520530758.051036358 0.6579
1520530758.101038218 0.6413
1520530758.151144505 0.8224
1520530758.201146364 0.4045
1520530758.251148224 0.6167
1520530758.301149368 0.5114
1520530758.351151466 0.8721
1520530758.401153564 0.6082
1520530758.451154470 0.7860
1520530758.501156330 0.6907
1520530758.551586628 0.8696
1520530758.601588726 0.4402
1520530758.651589632 0.5635
1520530758.701591492 0.7474
1520530758.751592636 0.5963
1520530758.801594734 0.7289
1520530758.851596832 0.6047
1520530758.901597738 0.7320
1520530758.951488256 0.7249
1520530759.001489162 0.4357
1520530759.051491261 0.5483
1520530759.101492167 0.6285
1520530759.151494026 0.5251
1520530759.201495409 0.6483
1520530759.251497269 0.7353
1520530759.301498175 0.5129
1520530759.351664305 0.6694
1520530759.401666403 0.7035
1520530759.451667547 0.7655
1520530759.501669407 0.7989
1520530759.551670313 0.5172
1520530759.601672411 0.5026
1520530759.651673317 0.6333
1520530759.701675177 0.6084
1520530759.751602173 0.6966
1520530759.801604271 0.8435
1520530759.851606369 0.4514
1520530759.901607275 0.6576
1520530759.951609373 0.7881
1520530760.001610279 0.8163
1520530760.051612139 0.5608
1520530760.101613283 0.7061
1520530760.151616335 0.8258
1520530760.201535225 0.6435
1520530760.251537085 0.7528
1520530760.301537991 0.8305
1520530760.351539135 0.5447
1520530760.401541233 0.7613
1520530760.451543093 0.6806
1520530760.501544237 0.8215
1520530760.551546097 0.6312
1520530760.601489305 0.8050
1520530760.651491642 0.6521
1520530760.701492548 0.7806
1520530760.751494408 0.5974
1520530760.801495552 0.8109
1520530760.851497412 0.5935
1520530760.901498318 0.7919
1520530760.951500654 0.5907
1520530761.001376867 0.8148
1520530761.051378012 0.5979
1520530761.101379871 0.6694
1520530761.151381016 0.8565
1520530761.201382875 0.5728
1520530761.251383781 0.8410
1520530761.301385880 0.9090
1520530761.351386786 0.6358
1520530761.401249647 0.8922
1520530761.451251507 0.5753
1520530761.501252651 0.7397
1520530761.551254511 0.6520
1520530761.601256371 0.8269
1520530761.651258707 0.6473
1520530761.701259613 0.7990
1520530761.751261711 0.6231
1520530761.801129580 0.8008
1520530761.851130486 0.5117
1520530761.901133537 0.4886
1520530761.951133490 0.5343
1520530762.001135349 0.6508
1520530762.051136494 0.7503
1520530762.101138353 0.4801
1520530762.151140451 0.5939
1520530762.201313734 0.6299
1520530762.251318693 0.3814
1520530762.301316977 0.5221
1520530762.351318836 0.4836
1520530762.401319742 0.6870
1520530762.451321840 0.5690
1520530762.501322746 0.6599
1520530762.551324606 0.5601
1520530762.601326942 0.6831
1520530762.651530981 0.5816
1520530762.701532841 0.7130
1520530762.751533985 0.4838
1520530762.801536083 0.7157
1520530762.851536989 0.6261
1520530762.901539087 0.7397
1520530762.951539993 0.7219
1520530763.001541853 0.7903
1520530763.051559210 0.7237
1520530763.101560116 0.8477
1520530763.151561975 0.8116
1520530763.201564074 0.6377
1520530763.251564980 0.8052
1520530763.301567078 0.8368
1520530763.351568222 0.9495
1520530763.401570082 0.6076
1520530763.451561451 0.6265
1520530763.501562357 0.8578
1520530763.551564455 0.7333
1520530763.601565361 0.7366
1520530763.651566267 0.8034
1520530763.701569557 0.6681
1520530763.751570463 0.7767
1520530763.801571369 0.8553
1520530763.851452351 0.6623
1520530763.901453257 0.8421
1520530763.951455116 0.6508
1520530764.001456499 0.6969
1520530764.051458359 0.8105
1520530764.101459265 0.8925
1520530764.151461363 0.6732
1520530764.201463223 0.6948
1520530764.251481295 0.8731
1520530764.301483154 0.7484
1520530764.351484060 0.7879
1520530764.401486397 0.8870
1520530764.451487303 0.7318
1520530764.501489162 0.7240
1520530764.551490307 0.7870
1520530764.601492167 0.7999
1520530764.651494026 0.7063
1520530764.701715469 0.5715
1520530764.751717329 0.3187
1520530764.801719189 0.7843
1520530764.851720333 0.7762
1520530764.901721239 0.7189
1520530764.951724291 0.6475
1520530765.001725435 0.5686
1520530765.051727295 0.7412
1520530765.101763248 0.5451
1520530765.151765347 0.7267
1520530765.201766253 0.4653
1520530765.251767397 0.6638
1520530765.301771164 0.5670
1520530765.351771116 0.6041
1520530765.401772261 0.7376
1520530765.451774120 0.5241
1520530765.501667500 0.5129
1520530765.551565647 0.4271
1520530765.601566553 0.5398
1520530765.651568651 0.7133
1520530765.701569557 0.8189
1520530765.751571417 0.5611
1520530765.801573515 0.6349
1520530765.851574421 0.4516
1520530765.901345491 0.4469
1520530765.951346397 0.4738
1520530766.001348495 0.6618
1520530766.051349401 0.8511
1520530766.101351500 0.6657
1520530766.151352644 0.7627
1520530766.201354504 0.6811
1520530766.251356363 0.7349
1520530766.301371336 0.6073
1520530766.351373672 0.7441
1520530766.401375532 0.5386
1520530766.451376438 0.5879
1520530766.501378536 0.6820
1520530766.551379442 0.5408
1520530766.601381302 0.7831
1520530766.651382446 0.6569
1520530766.701833963 0.7868
1520530766.751835823 0.3909
1520530766.801836967 0.6127
1520530766.851839066 0.7928
1520530766.901840925 0.6522
1520530766.951842070 0.7827
1520530767.001842976 0.5737
1520530767.051844835 0.6718
1520530767.101938009 0.5351
1520530767.151878357 0.7644
1520530767.201879263 0.5635
1520530767.251881361 0.6832
1520530767.301882267 0.5808
1520530767.351884365 0.6299
1520530767.401886463 0.4952
1520530767.451887369 0.5974
1520530767.501889467 0.6671
1520530767.551857233 0.7120
1520530767.601859331 0.8149
1520530767.651860237 0.7985
1520530767.701862097 0.8313
1520530767.751863241 0.3857
1520530767.801865101 0.5287
1520530767.851867199 0.5833
1520530767.901869297 0.6602
1520530767.951935530 0.7417
1520530768.001936674 0.3655
1520530768.051939487 0.5750
1520530768.101940393 0.6766
1520530768.151941538 0.7750
1520530768.201943636 0.8235
1520530768.251944542 0.4724
1520530768.301946640 0.5974
1520530768.351885796 0.7261
1520530768.401886702 0.8571
1520530768.451888561 0.4544
1520530768.501889706 0.6531
1520530768.551891804 0.7617
1520530768.601892948 0.7387
1520530768.651894808 0.5289
1520530768.701976776 0.6039
1520530768.751810551 0.7184
1520530768.801811695 0.8586
1520530768.851813555 0.8936
1520530768.901814461 0.9026
1520530768.951816797 0.5123
1520530769.001818657 0.6046
1520530769.051819563 0.7338
1520530769.101821661 0.6732
1520530769.151822567 0.7641
1520530769.201870441 0.5478
1520530769.251871347 0.7886
1520530769.301873207 0.6676
1520530769.351875305 0.8040
1520530769.401876211 0.6283
1520530769.451878309 0.7467
1520530769.501879215 0.6126
1520530769.551881313 0.7896
1520530769.601849556 0.6480
1520530769.651851416 0.7646
1520530769.701853752 0.5450
1520530769.751854658 0.7586
1520530769.801856756 0.8447
1520530769.851858616 0.9280
1520530769.901859522 0.5941
1520530769.951861858 0.7224
1520530770.001660585 0.8680
1520530770.051661491 0.9272
1520530770.101663589 0.6794
1520530770.151665688 0.8146
1520530770.201667547 0.6904
1520530770.251668453 0.7750
1520530770.301736593 0.6252
1520530770.351671457 0.7781
1520530770.401531935 0.7744
1520530770.451533794 0.8105
1520530770.501534939 0.5531
1520530770.551536798 0.7010
1520530770.601538897 0.6129
1520530770.651540041 0.6662
1520530770.701541901 0.5481
1520530770.751542807 0.6723
1520530770.801611423 0.8065
1520530770.851612329 0.4890
1520530770.901614666 0.5473
1520530770.951616526 0.5680
1520530771.001617432 0.6629
1520530771.051619530 0.6002
1520530771.101620436 0.6345
1520530771.151622295 0.5506
1520530771.201895714 0.5848
1520530771.251897573 0.4210
1520530771.301899672 0.5105
1520530771.351901770 0.5689
1520530771.401902676 0.6181
1520530771.451904774 0.5927
1520530771.501905680 0.7225
1520530771.551911592 0.5482
1520530771.601908684 0.7563
1520530771.651878119 0.6076
1520530771.701879978 0.7520
1520530771.751882315 0.6165
1520530771.801883221 0.7560
1520530771.851885080 0.8255
1520530771.901942015 0.5829
1520530771.951888084 0.7504
1520530772.001888990 0.8258
1520530772.051866770 0.8161
1520530772.101867676 0.6064
1520530772.151869774 0.7320
1520530772.201871872 0.9107
1520530772.251872778 0.6910
1520530772.301874638 0.8383
1520530772.351875782 0.7627
1520530772.401877642 0.8490
1520530772.451787233 0.8240
1520530772.501789093 0.7930
1520530772.551790237 1.0078
1520530772.601792336 0.7995
1520530772.651794195 0.8639
1520530772.701795340 0.8259
1520530772.751797199 0.7540
1520530772.801798344 0.7920
1520530772.851710320 0.9474
1520530772.901712418 0.6318
1520530772.951713324 0.8389
1520530773.001715183 0.7756
1520530773.051716328 0.6684
1520530773.101718187 0.7780
1520530773.151720285 0.7692
1520530773.201721430 0.9691
1520530773.251870155 0.5751
1520530773.301871300 0.6867
1520530773.351878405 0.9338
1520530773.401874542 0.8783
1520530773.451876402 0.8149
1520530773.501919270 1.0251
1520530773.551879406 0.7061
1520530773.601880312 0.8363
1520530773.651882172 0.8154
1520530773.701948404 0.7219
1520530773.751950264 0.6548
1520530773.801952362 0.6307
1520530773.851953506 0.6433
1520530773.901955366 0.7384
1520530773.951956511 0.4707
1520530774.001958370 0.4407
1520530774.051959276 0.5944
1520530774.101984501 0.6545
1520530774.151986361 0.7695
1520530774.201987505 0.5580
1520530774.251989603 0.5799
1520530774.301991463 0.4777
1520530774.351992607 0.5378
1520530774.401993513 0.7270
1520530774.451995373 0.7256
1520530774.501791954 0.5649
1520530774.551794291 0.5530
1520530774.601794958 0.5281
1520530774.651797056 0.6301
1520530774.701798201 0.4895
1520530774.751800060 0.7917
1520530774.801800966 0.5740
1520530774.851803064 0.7011
1520530774.901629925 0.5578
1520530774.951631784 0.5906
1520530775.001632690 0.6160
1520530775.051635027 0.6955
1520530775.101664066 0.6465
1520530775.151637793 0.7374
1520530775.201638937 0.7034
1520530775.251640797 0.8407
1520530775.301808119 0.5550
1520530775.351809025 0.4569
1520530775.401811123 0.5253
1520530775.451812029 0.6543
1520530775.501814127 0.7050
1520530775.551815271 0.6580
1520530775.601817131 0.6636
1520530775.651818037 0.6937
1520530775.702431679 0.8934
1520530775.752434015 0.4058
1520530775.802434921 0.6836
1520530775.852437019 0.8556
1520530775.902437925 0.5869
1520530775.952439785 0.8218
1520530776.002440929 0.5679
1520530776.052442789 0.7189
1520530776.102444887 0.4918
1520530776.152283430 0.6454
1520530776.202284575 0.6666
1520530776.252286434 0.6913
1520530776.302287340 0.3668
1520530776.352289438 0.5830
1520530776.402290344 0.6648
1520530776.452292442 0.7761
1520530776.502293587 0.5133
1520530776.552302361 0.6206
1520530776.602303505 0.6836
1520530776.652305365 0.4936
1520530776.702321291 0.5766
1520530776.752308369 0.6276
1520530776.802310467 0.4320
1520530776.852311611 0.5802
1520530776.902312517 0.7017
1520530776.952342272 0.4787
1520530777.002344131 0.5971
1520530777.052345037 0.7315
1520530777.102347374 0.5167
1520530777.152348042 0.5935
1520530777.202350140 0.7431
1520530777.252351284 0.8500
1520530777.302353144 0.9553
1520530777.352223158 0.5498
1520530777.402224064 0.6822
1520530777.452226162 0.7663
1520530777.502227306 0.8213
1520530777.552229166 0.8589
1520530777.602230310 0.5452
1520530777.652232170 0.6068
1520530777.702234030 0.7120
1520530777.752132177 0.8001
1520530777.802134275 0.9286
1520530777.852136135 0.5217
1520530777.902137041 0.6740
1520530777.952138186 0.8090
1520530778.002140045 0.5787
1520530778.052142143 0.7768
1520530778.102143288 0.5828
1520530778.152195692 0.7903
1520530778.202196598 0.6958
1520530778.252198696 0.7815
1520530778.302200556 0.6333
1520530778.352201462 0.7549
1520530778.402202606 0.6193
1520530778.452204466 0.7285
1520530778.502205372 0.8679
1520530778.552207708 0.5931
1520530778.602252245 0.7303
1520530778.652253151 0.8122
1520530778.702255011 0.5791
1520530778.752256155 0.7660
1520530778.802258253 0.7331
1520530778.852259398 0.8479
1520530778.902261257 0.6576
1520530778.952263117 0.8841
1520530779.002046347 0.8710
1520530779.052048683 1.0016
1520530779.102049589 0.6148
1520530779.152051449 0.7501
1520530779.202052593 0.6765
1520530779.252054453 0.8290
1520530779.302056551 0.6209
1520530779.352058649 0.7128
1520530779.401859522 0.6548
1520530779.451860666 0.7735
1520530779.501862764 0.4755
1520530779.551863670 0.5083
1520530779.601868629 0.6625
1520530779.651867628 0.7361
1520530779.701868534 0.7687
1520530779.751869678 0.6265
1520530779.802151203 0.5834
1520530779.852153301 0.4883
1520530779.902155161 0.6252
1520530779.952156067 0.6317
1520530780.002157211 0.6327
1520530780.052159309 0.5481
1520530780.102160215 0.6147
1520530780.152162313 0.6066
1520530780.202292681 0.6114
1520530780.252293587 0.5588
1520530780.302295446 0.7408
1520530780.352296591 0.5153
1520530780.402298689 0.6781
1520530780.452299833 0.7910
1520530780.502301693 0.5111
1520530780.552302599 0.6974
1520530780.602304697 0.8281
1520530780.652139425 0.8758
1520530780.702140570 0.4461
1520530780.752142668 0.6172
1520530780.802143574 0.7804
1520530780.852145672 0.8193
1520530780.902147532 0.7022
1520530780.952149391 0.8017
1520530781.002150774 0.8159
1520530781.052164555 0.7284
1520530781.102166414 0.7110
1520530781.152168512 0.7327
1520530781.202169657 0.8528
1520530781.252170563 0.8467
1520530781.302172422 0.7342
1520530781.352173567 0.8044
1520530781.402175426 0.6454
1520530781.452058554 0.8166
1520530781.502059460 0.6350
1520530781.552061796 0.7207
1520530781.602062702 0.7763
1520530781.652064562 0.8206
1520530781.702065706 0.7830
1520530781.752067566 0.7707
1520530781.802069426 0.6279
1520530781.852036953 0.7192
1520530781.902038813 0.7684
1520530781.952039719 0.6599
1520530782.002041817 0.7040
1520530782.052042723 0.6640
1520530782.102044582 0.7450
1520530782.152045727 0.6316
1520530782.202047825 0.8153
1520530782.252168655 0.8807
1520530782.302169561 0.6289
1520530782.352171421 0.6852
1520530782.402172565 0.7581
1520530782.452174664 0.6608
1520530782.502176523 0.7332
1520530782.552178621 0.7929
1520530782.602179527 0.5341
1520530782.652289391 0.8427
1520530782.702290058 0.4630
1520530782.752292395 0.4679
1520530782.802293301 0.6019
1520530782.852294207 0.7151
1520530782.902296305 0.6422
1520530782.952298164 0.5194
1520530783.002299070 0.6617
1520530783.052301407 0.8014
1520530783.102149963 0.7365
1520530783.152151823 0.4232
1520530783.202152729 0.5781
1520530783.252154827 0.5813
1520530783.302155733 0.7149
1520530783.352157593 0.4483
1520530783.402159929 0.4773
1520530783.452160835 0.7772
1520530783.501915693 0.5872
1520530783.551916599 0.4531
1520530783.601918697 0.6477
1520530783.651919603 0.7819
1520530783.701921463 0.6247
1520530783.751923800 0.6896
1520530783.801924706 0.6455
1520530783.851926804 0.7643
1520530783.901875496 0.8010
1520530783.951877356 0.5852
1520530784.001878500 0.7201
1520530784.051880360 0.8296
1520530784.101882458 0.5674
1520530784.151883602 0.7405
1520530784.201885462 0.5847
1520530784.251886368 0.7631
1520530784.302434206 0.9970
1520530784.352436304 0.3400
1520530784.402437210 0.6362
1520530784.452439308 0.7745
1520530784.502440214 0.6180
1520530784.552441120 0.8480
1520530784.602443218 0.5791
1520530784.652445078 0.8581
1520530784.702521563 0.6020
1520530784.752617836 0.6038
1520530784.802524567 0.6561
1520530784.852526665 0.5806
1520530784.902527809 0.6853
1520530784.952529669 0.5012
1520530785.002531528 0.7245
1520530785.052532673 0.7478
1520530785.102534771 0.7964
1520530785.152404785 0.8304
1520530785.202406883 0.7773
1520530785.252407789 0.8324
1520530785.302409649 0.8693
1520530785.352410793 0.4740
1520530785.402412891 0.4848
1520530785.452414751 0.4610
1520530785.502415895 0.5649
1520530785.552469492 0.5752
1520530785.602470398 0.7133
1520530785.652472258 0.7424
1520530785.702474594 0.8392
1520530785.752476454 0.4831
1520530785.802477360 0.5535
1520530785.852478504 0.6645
1520530785.902480364 0.8034
1520530785.952437878 0.8164
1520530786.002438545 0.8351
1520530786.052440882 0.9195
1520530786.102442741 0.9692
1520530786.152446747 0.5083
1520530786.202444792 0.5600
1520530786.252446651 0.7706
1520530786.302447796 0.8846
1520530786.352428436 0.6059
1520530786.402352571 0.6690
1520530786.452354670 0.8156
1520530786.502355337 0.5502
1520530786.552357674 0.7306
1520530786.602359533 0.6602
1520530786.652360439 0.9201
1520530786.702362537 0.5665
1520530786.752382517 0.7754
1520530786.802384377 0.6039
1520530786.852385521 0.7378
1520530786.902387381 0.6511
1520530786.952388287 0.8691
1520530787.002390623 0.6327
1520530787.052392483 0.7995
1520530787.102393389 0.5907
1520530787.152462959 0.8029
1520530787.202464819 0.5670
1520530787.252465963 0.7878
1520530787.302467823 0.8964
1520530787.352468729 0.5980
1520530787.402470827 0.7466
1520530787.452471733 0.5900
1520530787.502474785 0.7859
1520530787.552475929 0.6259
1520530787.602204561 0.9586
1520530787.652206659 0.5628
1520530787.702207565 0.7391
1520530787.752209663 0.7073
1520530787.802210569 0.7906
1520530787.852212429 0.7427
1520530787.902213573 0.7663
1520530787.952274799 0.6470
1520530788.002069950 0.7137
1520530788.052072048 0.5192
1520530788.102072716 0.6047
1520530788.152075052 0.5894
1520530788.202076912 0.7047
1520530788.252077818 0.5576
1520530788.302079916 0.6984
1520530788.352080822 0.8212
1520530788.402166605 0.5647
1520530788.452167749 0.6326
1520530788.502169609 0.4833
1520530788.552171469 0.5909
1520530788.602172613 0.5507
1520530788.652174473 0.6023
1520530788.702175379 0.5505
1520530788.752177715 0.6730
1520530788.802199125 0.4762
1520530788.852200985 0.6576
1520530788.902203083 0.5562
1520530788.952204943 0.6355
1520530789.002205849 0.5148
1520530789.052208185 0.6790
1520530789.102209091 0.4913
1520530789.152210951 0.7102
1520530789.202288151 0.8194
1520530789.252290010 0.4744
1520530789.302290916 0.6784
1520530789.352293015 0.7413
1520530789.402293921 0.6450
1520530789.452296019 0.8073
1520530789.502297163 0.7264
1520530789.552340031 0.8925
1520530789.602353811 0.8482
1520530789.652355909 0.6778
1520530789.702356815 0.7336
1520530789.752358913 0.7759
1520530789.802360773 0.6884
1520530789.852361679 0.7885
1520530789.902364016 0.8620
1520530789.952364683 0.6700
1520530790.002366781 0.8482
1520530790.052260160 0.6784
1520530790.102262020 0.7998
1520530790.152263165 0.6492
1520530790.202265024 0.7567
1520530790.252267122 0.7746
1520530790.302268267 0.8642
1520530790.352270126 0.8362
1520530790.402271986 0.6656
1520530790.452260494 0.7063
1520530790.502262592 0.8487
1520530790.552263498 0.7276
1520530790.602265596 0.6978
1520530790.652266502 0.7108
1520530790.702268362 0.6824
1520530790.752270699 0.7829
1520530790.802271605 0.9312
1520530790.852422714 0.8237
1520530790.902427673 0.8088
1520530790.952425718 1.0295
1520530791.002427578 0.7406
1520530791.052428484 0.7127
1520530791.102429628 0.6399
1520530791.152455568 0.6852
1520530791.202432871 0.5301
1520530791.252573013 0.6346
1520530791.302574158 0.5334
1520530791.352576017 0.4565
1520530791.402577877 0.5554
1520530791.452579021 0.4910
1520530791.502580881 0.6768
1520530791.552582026 0.7231
1520530791.602584124 0.4794
1520530791.652470827 0.6436
1520530791.702472687 0.3426
1520530791.752473593 0.4901
1520530791.802475691 0.5641
1520530791.852477789 0.6714
1520530791.902478695 0.4065
1520530791.952480793 0.5328
1520530792.002482653 0.6716
1520530792.052518368 0.5346
1520530792.102171183 0.4937
1520530792.152172089 0.2443
1520530792.202174187 0.6556
1520530792.252176046 0.6379
1520530792.302176952 0.5430
1520530792.352179289 0.6798
1520530792.402180195 0.6618
1520530792.452182055 0.6604
1520530792.502040386 0.7873
1520530792.552041531 0.4750
1520530792.602042437 0.6571
1520530792.652044296 0.7233
1520530792.702045441 0.6512
1520530792.752052546 0.7702
1520530792.802048445 0.9262
1520530792.852050543 0.5866
1520530792.902247906 0.6925
1520530792.952249765 0.4216
1520530793.002252102 0.7369
1520530793.052253008 0.8147
1520530793.102254868 0.5198
1520530793.152256012 0.7884
1520530793.202257872 0.6648
1520530793.252259016 0.7763
1520530793.302666664 0.6984
1520530793.352667570 0.3586
1520530793.402669668 0.7084
1520530793.452671766 0.6127
1520530793.502672672 0.7409
1520530793.552674532 0.5007
1520530793.602675676 0.6962
1520530793.652677536 0.7294
1520530793.702589035 0.4659
1520530793.752591848 0.5424
1520530793.802592754 0.6389
1520530793.852594852 0.4133
1520530793.902595758 0.4943
1520530793.952597857 0.6393
1520530794.002599955 0.7157
1520530794.052604914 0.7058
1520530794.102647543 0.5199
1520530794.152649403 0.4844
1520530794.202650547 0.6312
1520530794.252652645 0.6446
1520530794.302653551 0.3797
1520530794.352655649 0.4963
1520530794.402656555 0.5928
1520530794.452658415 0.6951
1520530794.502659559 0.4541
1520530794.552675724 0.5796
1520530794.602677822 0.6930
1520530794.652678967 0.4775
1520530794.702680826 0.6031
1520530794.752681971 0.7632
1520530794.802683830 0.8398
1520530794.852684736 0.5449
1520530794.902687073 0.6534
1520530794.952672243 0.7745
1520530795.002674103 0.8264
1520530795.052676201 0.5089
1520530795.102677345 0.6058
1520530795.152679205 0.7853
1520530795.202680111 0.8938
1520530795.252682209 0.5963
1520530795.302684069 0.7339
1520530795.352701664 0.8498
1520530795.402703762 0.6134
1520530795.452705860 0.7229
1520530795.502706766 0.6212
1520530795.552708864 0.7923
1520530795.602709770 0.6282
1520530795.652710915 0.7883
1520530795.702712774 0.6325
1520530795.752690315 0.6713
1520530795.802692652 0.5912
1520530795.852694511 0.7538
1520530795.902695417 0.6016
1520530795.952699423 0.8205
1520530796.002698421 0.6148
1520530796.052700520 0.7796
1520530796.102701664 0.6095
1520530796.152534246 0.8269
1520530796.202536345 0.5709
1520530796.252537251 0.7823
1520530796.302539349 0.6597
1520530796.352540493 0.8598
1520530796.402542353 0.6165
1520530796.452543497 0.7591
1520530796.502545357 0.7237
1520530796.552486181 0.8652
1520530796.602488041 0.5703
1520530796.652489901 0.6159
1520530796.702491045 0.6419
1520530796.752493143 0.7702
1520530796.802494287 0.5466
1520530796.852496147 0.6477
1520530796.902498007 0.5512
1520530796.952499151 0.6394
1520530797.002631664 0.6352
1520530797.052633524 0.6475
1520530797.102634430 0.5096
1520530797.152636766 0.6283
1520530797.202637672 0.5244
1520530797.252638817 0.5817
1520530797.302641630 0.6006
1520530797.352642536 0.5348
1520530797.402760029 0.5999
1520530797.452760935 0.5125
1520530797.502762079 0.6327
1520530797.552763939 0.5810
1520530797.602865934 0.6872
1520530797.652766943 0.7858
1520530797.702767849 0.5196
1520530797.752769947 0.6843
1520530797.802643299 0.6556
1520530797.852644205 0.7286
1520530797.902646303 0.6410
1520530797.952647209 0.7573
1520530798.002649307 0.5983
1520530798.052650213 0.7399
1520530798.102652073 0.7500
1520530798.152653217 0.5979
1520530798.202504635 0.6329
1520530798.252506733 0.7145
1520530798.302507877 0.5536
1520530798.352509737 0.7452
1520530798.402510643 0.7145
1520530798.452512741 0.6465
1520530798.502513647 0.7926
1520530798.552515507 0.8221
1520530798.602414608 0.5211
1520530798.652416706 0.7316
1520530798.702417612 0.7355
1520530798.752419472 0.4681
1520530798.802420855 0.6032
1520530798.852422714 0.7647
1520530798.902424574 0.6844
1520530798.952425718 0.7264
1520530799.002338409 0.6636
1520530799.052339315 0.6932
1520530799.102340460 0.5686
1520530799.152342319 0.8750
1520530799.202422380 0.7568
1520530799.252345324 0.7626
1520530799.302346230 0.9114
1520530799.352348089 0.9529
1520530799.402350426 0.5967
1520530799.452410460 0.6401
1520530799.502412558 0.6052
1520530799.552413464 0.6913
1520530799.602415323 0.6442
1520530799.652416468 0.7871
1520530799.702418327 0.5742
1520530799.752419233 0.7527
1520530799.802421570 0.8513
1520530799.852662325 0.6083
1520530799.902663231 0.5262
1520530799.952665329 0.5323
1520530800.002666235 0.6243
1520530800.052668095 0.7563
1520530800.102669239 0.4661
1520530800.152671337 0.6060
1520530800.202673197 0.4683
1520530800.252766132 0.6393
1520530800.302767038 0.7222
1520530800.352769136 0.4336
1520530800.402770281 0.5873
1520530800.452771187 0.5599
1520530800.502774000 0.4711
1520530800.552775145 0.5351
1520530800.602776051 0.5865
1520530800.652460575 0.4773
1520530800.702461481 0.3894
1520530800.752463341 0.5790
1520530800.802521229 0.6308
1520530800.852466345 0.6931
1520530800.902468443 0.4282
1520530800.952469587 0.5412
1520530801.002471447 0.5281
1520530801.052102566 0.7414
1520530801.102104664 0.4173
1520530801.152105808 0.5482
1520530801.202107668 0.6604
1520530801.252108812 0.5927
1520530801.302110672 0.6841
1520530801.352112532 0.5388
1520530801.402113676 0.6980
1520530801.452115774 0.5326
1520530801.502018929 0.6450
1520530801.552020788 0.3568
1520530801.602021933 0.6766
1520530801.652023792 0.8168
1520530801.702024698 0.8517
1520530801.752027988 0.4236
1520530801.802028894 0.6084
1520530801.852030754 0.7052
1520530801.902304411 0.8047
1520530801.952305317 0.4595
1520530802.002306461 0.5503
1520530802.052308559 0.5889
1520530802.102309465 0.8175
1520530802.152311563 0.4811
1520530802.202313423 0.5596
1520530802.252314568 0.7138
1520530802.302571535 0.5843
1520530802.352573395 0.6143
1520530802.402609348 0.4003
1520530802.452576399 0.5170
1520530802.502577305 0.5915
1520530802.552579641 0.5648
1520530802.602581501 0.6234
1520530802.652582407 0.6185
1520530802.702605009 0.7192
1520530802.752606153 0.4815
1520530802.802608013 0.5272
1520530802.852608919 0.6775
1520530802.902611256 0.6793
1520530802.952613115 0.7586
1520530803.002614021 0.7792
1520530803.052616119 0.8444
1520530803.102764130 0.4392
1520530803.152766228 0.5200
1520530803.202767134 0.5809
1520530803.252768993 0.6560
1520530803.302770138 0.4994
1520530803.352771997 0.5773
1520530803.402774334 0.6926
1520530803.452775240 0.7298
1520530803.502920151 0.5997
1520530803.552922010 0.6813
1520530803.602922916 0.7833
1520530803.652925253 0.8515
1520530803.702926159 0.9584
1520530803.752928019 0.5056
1520530803.802930117 0.6980
1520530803.852931023 0.5813
1520530803.902932167 0.7496
1520530803.952781200 0.7826
1520530804.002792120 0.8884
1520530804.052784204 0.5381
1520530804.102786303 0.6863
1520530804.152787209 0.7592
1520530804.202789307 0.6341
1520530804.252790213 0.7434
1520530804.302792311 0.6014
1520530804.352735758 0.7493
1520530804.402737617 0.6397
1520530804.452738762 0.7978
1520530804.502740622 0.6236
1520530804.552742004 0.7925
1520530804.602743864 0.6708
1520530804.652745724 0.8043
1520530804.702746868 0.6503
1520530804.752780199 0.7812
1520530804.802782297 0.6561
1520530804.852783442 0.7816
1520530804.902784348 0.6870
1520530804.952786207 0.8534
1520530805.002788305 0.6263
1520530805.052790165 0.8749
1520530805.102791071 0.7036
1520530805.152562380 0.8350
1520530805.202564240 0.5351
1520530805.252565622 0.7324
1520530805.302567482 0.7219
1520530805.352569342 0.6786
1520530805.402570486 0.5767
1520530805.452572346 0.6955
1520530805.502573490 0.6805
1520530805.552534580 0.7087
1520530805.602536678 0.5701
1520530805.652537584 0.6495
1520530805.702538729 0.5922
1520530805.752540588 0.6144
1520530805.802542686 0.4537
1520530805.852543831 0.5718
1520530805.902545691 0.7246
1520530805.952546597 0.5721
1520530806.002724409 0.6327
1520530806.052725315 0.3969
1520530806.102727175 0.5647
1520530806.152729273 0.6442
1520530806.202730179 0.5335
1520530806.252732277 0.5968
1520530806.302733421 0.5934
1520530806.352735281 0.6586
1520530806.402897358 0.5877
1520530806.452899694 0.6429
1520530806.502901554 0.4128
1520530806.552903414 0.6157
1520530806.602904558 0.6157
1520530806.652906418 0.7760
1520530806.702908516 0.5410
1520530806.752908468 0.7280
1520530806.803025723 0.6348
1520530806.853026867 0.7466
1520530806.903029680 0.4937
1520530806.953030586 0.7381
1520530807.003031731 0.8197
1520530807.053033829 0.6970
1520530807.103034973 0.8723
1520530807.153036833 0.6297
1520530807.202843189 0.8164
1520530807.252840996 0.7367
1520530807.302842140 0.4574
1520530807.352844000 0.6312
1520530807.402845860 0.7882
1520530807.452847004 0.8563
1520530807.502849102 0.7396
1520530807.552850008 0.6090
1520530807.602721453 0.7446
1520530807.652722597 0.6031
1520530807.702724695 0.5876
1520530807.752725840 0.6524
1520530807.802727699 0.7884
1520530807.852729559 0.7171
1520530807.902730703 0.7450
1520530807.952732563 0.8329
1520530808.002812386 0.9281
1520530808.052814245 0.9072
1520530808.102815390 0.8230
1520530808.152818441 0.9699
1520530808.202819347 0.8111
1520530808.252820492 0.6873
1520530808.302822351 0.6133
1520530808.352824211 0.8483
1520530808.402826548 0.6295
1520530808.452991009 0.6906
1520530808.502992153 0.5538
1520530808.552994013 0.5832
1520530808.602995157 0.7445
1520530808.652999163 0.8114
1520530808.702999115 0.5628
1520530808.753000259 0.7729
1520530808.803002119 0.6278
1520530808.852989435 0.6509
1520530808.902898550 0.4595
1520530808.952900410 0.5798
1520530809.002902269 0.5903
1520530809.052903414 0.6044
1520530809.102905273 0.5703
1520530809.152906179 0.5210
1520530809.202908516 0.6924
1520530809.252622604 0.5522
1520530809.302624464 0.2816
1520530809.352626324 0.6560
1520530809.402627468 0.8112
1520530809.452629566 0.8151
1520530809.502630711 0.5124
1520530809.552632570 0.5631
1520530809.602633476 0.6982
1520530809.652633905 0.6070
1520530809.702635765 0.8198
1520530809.752636671 0.6289
1520530809.802638769 0.6017
1520530809.852640867 0.4607
1520530809.902641773 0.6777
1520530809.952643871 0.5829
1520530810.002644777 0.7882
1520530810.053197622 0.7188
1520530810.103198528 0.4981
1520530810.153200626 0.7717
1520530810.203201532 0.6551
1520530810.253206491 0.5813
1520530810.303205729 0.4682
1520530810.353206635 0.5966
1520530810.403207779 0.7631
1520530810.453339100 0.5332
1520530810.503276348 0.4393
1520530810.553277254 0.6151
1520530810.603279114 0.5014
1520530810.653280258 0.6450
1520530810.703282118 0.5718
1520530810.753283262 0.6427
1520530810.803285360 0.4867
1520530810.853286028 0.5902
1520530810.903261662 0.6637
1520530810.953263521 0.4957
1520530811.003264666 0.6258
1520530811.053266764 0.4779
1520530811.103267670 0.6086
1520530811.153269768 0.6269
1520530811.203270674 0.3674
1520530811.253272533 0.4900
1520530811.303123474 0.6652
1520530811.353125334 0.4021
1520530811.403127193 0.6158
1520530811.453129530 0.7186
1520530811.503130436 0.7695
1520530811.553132296 0.4710
1520530811.603134394 0.6400
1520530811.653135300 0.7040
1520530811.703139067 0.7839
1520530811.753140926 0.9306
1520530811.803142071 0.5068
1520530811.853144169 0.7182
1520530811.903147936 0.7922
1520530811.953147173 0.5653
1520530812.003149033 0.6663
1520530812.053188086 0.8266
1520530812.103106022 0.5525
1520530812.153108120 0.7418
1520530812.203110218 0.6250
1520530812.253111124 0.7436
1520530812.303113222 0.6575
1520530812.353114128 0.8554
1520530812.403115988 0.6493
1520530812.453117132 0.7816
1520530812.503178358 0.6110
1520530812.553179026 0.7135
1520530812.603181124 0.5719
1520530812.653183222 0.6980
1520530812.703184128 0.8740
1520530812.753185987 0.5787
1520530812.803188324 0.8093
1520530812.853189230 0.6489
1520530812.903190374 0.7854
1520530812.953081369 0.8250
1520530813.003083229 0.8720
1520530813.053084373 0.5450
1520530813.103086233 0.7381
1520530813.153088331 0.7129
1520530813.203089476 0.8324
1520530813.253091335 0.7588
1520530813.303093195 0.7126
1520530813.352868557 0.7312
1520530813.402869463 0.7905
1520530813.452871561 0.4620
1520530813.502872467 0.5921
1520530813.552874565 0.6226
1520530813.602876663 0.6755
1520530813.652886629 0.5887
1520530813.702878475 0.6538
1520530813.752878428 0.6853
1520530813.802880287 0.4341
1520530813.852881432 0.5607
1520530813.902883291 0.6468
1520530813.952884197 0.5265
1520530814.002886295 0.5216
1520530814.052887201 0.6113
1520530814.102889299 0.6499
1520530814.153383255 0.5225
1520530814.203385115 0.3806
1520530814.253386974 0.6295
1520530814.303388119 0.6398
1520530814.353389978 0.5721
1520530814.403392076 0.6713
1520530814.453393221 0.5497
1520530814.503394127 0.7389
1520530814.553365469 0.5849
1520530814.603367329 0.7126
1520530814.653369427 0.6084
1520530814.703370571 0.8204
1520530814.753371477 0.6624
1520530814.803373337 0.7843
1520530814.853375435 0.6982
1520530814.903376341 0.8212
1520530814.953189135 0.7227
1520530815.003187180 0.4445
1520530815.053189039 0.5889
1520530815.103190184 0.7320
1520530815.153192282 0.8694
1520530815.203193426 0.7554
1520530815.253195286 0.7831
1520530815.303196192 0.7753
1520530815.353198290 0.8943
1520530815.403064489 0.7500
1520530815.453065395 0.5870
1520530815.503067732 0.6493
1520530815.553068638 0.8818
1520530815.603070498 0.6678
1520530815.653071642 1.0111
1520530815.703073502 0.8737
1520530815.753074646 0.8186
1520530815.803066015 0.6319
1520530815.853068113 0.7229
1520530815.903069258 0.7905
1520530815.953071117 0.7995
1520530816.003072262 0.8173
1520530816.053074121 0.7864
1520530816.103075027 0.9918
1520530816.153077364 0.8799
1520530816.203195095 0.6817
1520530816.253196239 0.6818
1520530816.303198099 0.7603
1520530816.353200197 0.8415
1520530816.403201342 0.7518
1520530816.453202248 0.6170
1520530816.503205061 0.7597
1520530816.553205252 0.5462
1520530816.603259802 0.6092
1520530816.653261900 0.4366
1520530816.703267813 0.5867
1520530816.753264904 0.7716
1520530816.803265810 0.6334
1520530816.853267670 0.5798
1520530816.903270006 0.4973
1520530816.953270674 0.6421
1520530817.002976418 0.5774
1520530817.052977562 0.3661
1520530817.102979660 0.5980
1520530817.152980566 0.7218
1520530817.202982664 0.8242
1520530817.252983570 0.5768
1520530817.302985430 0.6889
1520530817.352986574 0.6387
1520530817.402988434 0.7115
1520530817.452914715 0.5787
1520530817.502915621 0.5843
1520530817.552917719 0.7384
1520530817.602919579 0.7004
1520530817.652920485 0.6084
1520530817.702921629 0.7739
1520530817.752923727 0.5815
1520530817.802925587 0.6388
1520530817.853491545 0.7475
1520530817.903492689 0.4627
1520530817.953494549 0.7781
1520530818.003496408 0.7683
1520530818.053497553 0.6103
1520530818.103499413 0.6161
1520530818.153500557 0.6412
1520530818.203501463 0.6184
1520530818.253752947 0.6694
1520530818.303755760 0.8059
1520530818.353755951 0.4536
1520530818.403757811 0.6726
1520530818.453758955 0.5880
1520530818.503833771 0.7312
1520530818.553761721 0.6450
1520530818.603764057 0.6677
1520530818.653602362 0.5806
1520530818.703604221 0.6312
1520530818.753605366 0.4173
1520530818.803607225 0.6383
1520530818.853608131 0.4275
1520530818.903610468 0.5837
1520530818.953611374 0.6389
1520530819.003613234 0.7527
1520530819.053454638 0.5514
1520530819.103455782 0.6496
1520530819.153457642 0.7692
1520530819.203458548 0.7531
1520530819.253460646 0.7963
1520530819.303462744 0.8135
1520530819.353463650 0.8096
1520530819.403465748 0.8441
1520530819.453362465 0.4708
1520530819.503363609 0.5386
1520530819.553365469 0.6594
1520530819.603366375 0.5696
1520530819.653368473 0.7332
1520530819.703369379 0.6085
1520530819.753374577 0.8335
1520530819.803372622 0.6225
1520530819.853374481 0.7549
1520530819.903324604 0.7304
1520530819.953331709 0.7551
1520530820.003327847 0.6431
1520530820.053329945 0.7410
1520530820.103371859 0.6406
1520530820.153332710 0.7894
1520530820.203334808 0.8056
1520530820.253335714 0.5299
1520530820.303466558 0.7168
1520530820.353467703 0.5809
1520530820.403469563 0.7643
1520530820.453470469 0.6225
1520530820.503472567 0.8142
1520530820.553473473 0.6580
1520530820.603475571 0.8755
1520530820.653477669 0.7089
1520530820.703377008 0.9511
1520530820.753378868 0.6741
1520530820.803379774 0.8830
1520530820.853381872 0.7813
1520530820.903382778 0.7631
1520530820.953384638 0.6849
1520530821.003386974 0.6460
1520530821.053388834 0.7875
1520530821.103219032 0.6787
1520530821.153219938 0.6957
1520530821.203221083 0.4118
1520530821.253222942 0.6004
1520530821.303223848 0.7240
1520530821.353225946 0.5808
1520530821.403227806 0.6055
1520530821.453228712 0.6671
1520530821.503483057 0.5644
1520530821.553485394 0.6216
1520530821.603487253 0.6360
1520530821.653488159 0.4305
1520530821.703495264 0.5030
1520530821.753491163 0.6067
1520530821.803493023 0.5560
1520530821.853494167 0.5842
1520530821.903496265 0.5803
1520530821.953847647 0.7328
1520530822.003849745 0.4947
1520530822.053850651 0.6626
1520530822.103852510 0.5902
1520530822.153853655 0.5952
1520530822.203855515 0.5550
1520530822.253857613 0.6568
1520530822.303858757 0.5213
1520530822.353642702 0.6365
1520530822.403643608 0.4786
1520530822.453645468 0.6950
1520530822.503646612 0.7960
1520530822.553648710 0.6492
1520530822.603650570 0.7051
1520530822.653652668 0.7939
1520530822.703653574 0.6757
1520530822.753499985 0.7337
1520530822.803502083 0.5981
1520530822.853503942 0.7545
1520530822.903504848 0.7538
1520530822.953507185 0.7132
1520530823.003507853 0.7987
1520530823.053509951 0.6793
1520530823.103511095 0.8890
1520530823.153322220 0.7928
1520530823.203323126 0.4923
1520530823.253325224 0.7771
1520530823.303327322 0.8064
1520530823.353328228 0.9556
1520530823.403330326 0.7868
1520530823.453331232 0.8050
1520530823.503333092 0.7704
1520530823.553307533 0.6840
1520530823.603309631 0.6445
1520530823.653310776 0.8226
1520530823.703312635 0.7998
1520530823.753313541 0.6619
1520530823.803315639 0.9027
1520530823.853317738 0.8429
1520530823.903318644 1.0875
1520530823.953421116 0.9221
1520530824.003422022 0.7343
1520530824.053424120 0.8381
1520530824.103425980 0.7004
1520530824.153426886 0.6955
1520530824.203429222 0.6743
1520530824.253430128 0.6278
1520530824.303431988 0.5558
1520530824.353433132 0.6650
1520530824.403522968 0.7923
1520530824.453525066 0.3694
1520530824.503526926 0.4824
1520530824.553528070 0.6940
1520530824.603528976 0.6311
1520530824.653530836 0.6795
1520530824.703531981 0.3739
1520530824.753535986 0.5796
1520530824.803378105 0.5903
1520530824.853379011 0.4398
1520530824.903381109 0.4796
1520530824.953473091 0.6172
1520530825.003384113 0.5640
1520530825.053385258 0.7382
1520530825.103387117 0.4723
1520530825.153388023 0.6661
1520530825.203181982 0.5810
1520530825.253183126 0.5020
1520530825.303185225 0.6076
1520530825.353186131 0.7973
1520530825.403188229 0.7523
1520530825.453190088 0.6826
1520530825.503190994 0.5276
1520530825.553193331 0.6882
1520530825.603213072 0.6679
1520530825.653214931 0.7503
1520530825.703216076 0.5150
1520530825.753217936 0.6520
1520530825.803220034 0.6364
1520530825.853221178 0.7992
1520530825.903223038 0.6334
1520530825.953224897 0.8021
1520530826.003935575 0.0000
1520530826.053935289 0.8319
1520530826.103938341 0.6308
1520530826.153939486 0.5980
1520530826.203940392 0.5852
1520530826.253942251 0.7606
1520530826.303944349 0.6395
1520530826.353945255 0.8855
1520530826.404023409 0.6591
1520530826.454024076 0.6507
1520530826.504024982 0.6687
1520530826.554083109 0.5611
1520530826.604029179 0.7353
1520530826.654030085 0.5646
1520530826.704032183 0.6134
1520530826.754033089 0.6505
1520530826.804035187 0.4827
1520530826.853658915 0.7133
1520530826.903660774 0.7209
1520530826.953661919 0.3428
1520530827.003663778 0.4920
1520530827.053666115 0.6618
1520530827.103667021 0.6679
1520530827.153668880 0.4759
1520530827.203670025 0.6436
1520530827.253637075 0.7985
1520530827.303637981 0.5118
1520530827.353640079 0.6940
1520530827.403642178 0.8107
1520530827.453643084 0.4698
1520530827.503645182 0.7014
1520530827.553647041 0.5505
1520530827.603647947 0.7845
1520530827.653593063 0.6603
1520530827.703594923 0.7685
1520530827.753596067 0.6479
1520530827.803598166 0.7842
1520530827.853599310 0.6620
1520530827.903600216 0.8043
1520530827.953602076 0.6732
1520530828.003604174 0.8269
1520530828.053573132 0.6715
1520530828.103574038 0.8514
1520530828.153593063 0.6446
1520530828.203577995 0.8930
1520530828.253578901 0.6703
1520530828.303580999 0.8588
1520530828.353582144 0.6192
1520530828.403584003 0.7875
1520530828.453457832 0.7314
1520530828.503459930 0.8760
1520530828.553461075 0.6736
1520530828.603462934 0.7724
1520530828.653464794 0.7784
1520530828.703465939 0.7978
1520530828.753467798 0.6289
1520530828.803468704 0.6726
1520530828.853471041 0.6061
1520530828.903293371 0.7989
1520530828.953294277 0.5312
1520530829.003296137 0.6895
1520530829.053297520 0.6592
1520530829.103299379 0.5920
1520530829.153301239 0.5605
1520530829.203302383 0.5885
1520530829.253304243 0.5001
1520530829.303629160 0.6933
1520530829.353631020 0.5700
1520530829.403632164 0.5815
1520530829.453637123 0.6971
1520530829.503634930 0.5995
1520530829.553637028 0.6847
1520530829.603639126 0.5768
1520530829.653640032 0.6616
1520530829.704049587 0.5896
1520530829.754051685 0.4367
1520530829.804053545 0.4564
1520530829.854054689 0.5569
1520530829.904056549 0.6256
1520530829.954057693 0.5899
1520530830.004059553 0.7094
1520530830.054060459 0.5550
1520530830.103815317 0.6852
1520530830.153816223 0.5046
1520530830.203818321 0.7593
1520530830.253820419 0.6846
1520530830.303821325 0.8088
1520530830.353823185 0.6620
1520530830.403824329 0.7549
1520530830.453826189 0.7105
1520530830.503615856 0.7163
1520530830.553617954 0.6575
1520530830.603619814 0.7134
1520530830.653620720 0.8393
1520530830.703622818 0.9564
1520530830.753624916 0.6579
1520530830.803626776 0.7899
1520530830.853627920 0.7702
1520530830.903462410 0.7291
1520530830.953464270 0.4788
1520530831.003466606 0.7991
1520530831.053467274 0.8905
1520530831.103468180 0.6411
1520530831.153470516 0.8471
1520530831.203472376 0.7745
1520530831.253473520 0.7029
1520530831.303475380 0.7179
1520530831.353523970 0.6850
1520530831.403623819 0.8600
1520530831.453526974 0.6320
1520530831.503529072 0.8176
1520530831.553530216 0.9710
1520530831.603532076 0.8011
1520530831.653533220 0.6740
1520530831.703535080 0.5916
1520530831.753732681 0.5272
1520530831.803734541 0.4620
1520530831.853736639 0.7257
1520530831.903737545 0.7735
1520530831.953739405 0.7556
1520530832.003740788 0.6344
1520530832.053742647 0.8203
1520530832.103743792 0.4537
1520530832.153733492 0.5954
1520530832.203735352 0.4502
1520530832.253736258 0.5732
1520530832.303738356 0.6241
1520530832.353740215 0.6183
1520530832.403741121 0.4792
1520530832.453743458 0.5632
1520530832.503744364 0.6478
1520530832.553491354 0.5818
1520530832.603493690 0.3503
1520530832.653494596 0.5828
1520530832.703496456 0.7176
1520530832.753497601 0.5688
1520530832.803498507 0.6594
1520530832.853500366 0.6812
1520530832.903501511 0.6537
1520530832.953346491 0.5076
1520530833.003408432 0.5130
1520530833.053349495 0.6336
1520530833.103351593 0.7744
1520530833.153352499 0.5805
1520530833.203354359 0.6576
1520530833.253355503 0.5378
1520530833.303357363 0.5711
1520530833.353605747 0.5393
1520530833.403606415 0.5585
1520530833.453608513 0.7360
1520530833.503609657 0.6386
1520530833.553611517 0.4997
1520530833.603613377 0.7574
1520530833.653614521 0.8206
1520530833.703615427 0.6500
1520530833.753617525 0.7361
1520530833.804356098 0.4799
1520530833.854357243 0.0000
1520530833.904359102 0.4925
1520530833.954361200 0.5589
1520530834.004362345 0.6437
1520530834.054364204 0.4860
1520530834.104366064 0.7244
1520530834.154367208 0.4669
1520530834.204151869 0.6380
1520530834.254152775 0.6820
1520530834.304154634 0.3851
1520530834.354155779 0.5868
1520530834.404156685 0.5357
1520530834.454158783 0.6572
1520530834.504159689 0.7369
1520530834.554161549 0.4874
1520530834.603904486 0.6543
1520530834.653884411 0.7808
1520530834.703886271 0.8804
1520530834.753887415 0.8838
1520530834.803889513 0.9217
1520530834.853890419 0.9184
1520530834.903892517 0.4078
1520530834.953893423 0.5524
1520530835.003848076 0.6192
1520530835.053850174 0.7375
1520530835.103851318 0.5383
1520530835.153853178 0.7147
1520530835.203854322 0.7828
1520530835.253856182 0.5850
1520530835.303858280 0.7172
1520530835.353859425 0.5580
1520530835.403751373 0.8008
1520530835.453752518 0.8774
1520530835.503754377 0.5015
1520530835.553756475 0.6441
1520530835.603757620 0.7942
1520530835.653759480 0.9494
1520530835.703760386 0.5034
1520530835.753762484 0.6580
1520530835.803792238 0.7812
1520530835.853783607 0.9417
1520530835.903788567 0.6687
1520530835.953786373 0.8361
1520530836.003787518 0.6825
1520530836.053789377 0.8251
1520530836.103791475 0.6865
1520530836.153792620 0.8071
1520530836.203794479 0.6162
1520530836.253842592 0.8383
1520530836.303844690 0.5884
1520530836.353845835 0.6772
1520530836.403847694 0.6098
1520530836.453848600 0.8465
1520530836.503850698 0.7013
1520530836.553852558 0.8666
1520530836.603853464 0.6554
1520530836.653644085 0.9108
1520530836.703644991 0.6941
1520530836.753647089 0.7892
1520530836.803647995 0.6330
1520530836.853649855 0.7732
1520530836.903650999 0.5482
1520530836.953653097 0.6869
1520530837.003654957 0.6850
1520530837.053571224 0.8147
1520530837.103573322 0.6455
1520530837.153575182 0.7237
1520530837.203576326 0.5547
1520530837.253578186 0.6330
1520530837.303579092 0.5349
1520530837.353581429 0.6348
1520530837.403583288 0.5800
1520530837.453924179 0.7391
1520530837.503925085 0.5387
1520530837.553927183 0.6418
1520530837.603929043 0.7062
1520530837.653929949 0.5312
1520530837.703931093 0.6086
1520530837.753932953 0.4902
1520530837.803935051 0.5822
1520530837.854232311 0.5590
1520530837.904138327 0.4325
1520530837.954139471 0.5819
1520530838.004141331 0.6210
1520530838.054142237 0.5259
1520530838.104144335 0.6154
1520530838.154145241 0.5095
1520530838.204147100 0.6758
1520530838.254149437 0.5423
1520530838.304105282 0.6918
1520530838.354107141 0.4895
1520530838.404108286 0.7372
1520530838.454110146 0.6322
1520530838.504111052 0.8308
1520530838.554113388 0.6440
1520530838.604115248 0.7778
1520530838.654116154 0.6731
1520530838.703937292 0.7884
1520530838.753938437 0.5517
1520530838.803940296 0.7940
1520530838.853942156 0.7413
1520530838.903944492 0.9767
1520530838.953945398 0.7768
1520530839.003947258 0.9843
1520530839.053948402 1.0371
1520530839.103765249 0.5749
1520530839.153767109 0.7094
1520530839.203769445 0.7675
1520530839.253770351 0.6511
1520530839.303771496 0.8377
1520530839.353773355 0.6765
1520530839.403775215 0.9210
1520530839.453829288 0.6396
1520530839.503781796 0.7452
1520530839.553782940 0.8650
1520530839.603785038 0.6861
1520530839.653786182 0.8026
1520530839.703788042 0.9245
1520530839.753789902 0.7923
1520530839.803791046 0.8489
1520530839.853792906 0.9214
1520530839.903963327 0.6907
1520530839.953965425 0.3129
1520530840.003966570 0.7769
1520530840.053968430 0.8887
1520530840.103969574 0.7417
1520530840.153971434 0.7191
1520530840.203973293 0.6686
1520530840.253974438 0.6911
1520530840.304033995 0.6369
1520530840.354035139 0.5761
1520530840.404038191 0.6935
1520530840.454039097 0.6353
1520530840.504041195 0.6148
1520530840.554042101 0.7351
1520530840.604043245 0.4478
1520530840.654045105 0.6855
1520530840.704046011 0.5575
1520530840.753756762 0.6363
1520530840.803757906 0.4262
1520530840.853759766 0.4901
1520530840.903761864 0.7047
1520530840.953762770 0.4870
1520530841.003764629 0.7065
1520530841.053775787 0.5277
1520530841.103767872 0.6473
1520530841.153441191 0.4916
1520530841.203443289 0.3589
1520530841.253444433 0.6206
1520530841.303446293 0.6885
1520530841.353448153 0.5932
1520530841.403449297 0.7255
1520530841.453451157 0.6816
1520530841.503452301 0.6075
1520530841.553540707 0.7392
1520530841.603541613 0.6749
1520530841.653543711 0.6998
1520530841.703545570 0.7136
1520530841.753546476 0.6028
1520530841.803548574 0.7524
1520530841.853549480 0.8899
1520530841.903551579 0.6054
1520530841.953866005 0.8952
1520530842.003867865 0.3835
1520530842.053869724 0.4584
1520530842.103870869 0.5564
1520530842.153872967 0.6336
1520530842.203874111 0.7296
1520530842.253875971 0.4623
1520530842.303877831 0.5136
1520530842.353804350 0.5442
1520530842.403806210 0.6550
1520530842.453807116 0.4136
1520530842.503809214 0.5203
1520530842.553810120 0.6092
1520530842.603811979 0.4705
1520530842.653813362 0.6363
1520530842.703815222 0.6815
1520530842.753816366 0.4824
1520530842.803919315 0.6690
1520530842.853920460 0.7400
1520530842.903922319 0.5262
1520530842.953924417 0.6416
1520530843.003925562 0.7067
1520530843.053927422 0.5207
1520530843.103928328 0.6811
1520530843.153930426 0.8376
1520530843.203974724 0.5825
1520530843.253976583 0.6810
1520530843.303977728 0.7733
1520530843.353979588 0.6270
1520530843.403981686 0.7051
1520530843.453982830 0.8212
1520530843.503984690 0.6196
1520530843.553985834 0.8219
1520530843.603940248 0.9905
1520530843.653942585 0.7066
1520530843.703944445 0.8341
1520530843.753945351 0.6854
1520530843.803946495 0.8798
1520530843.853949547 0.6890
1520530843.903950691 0.8454
1520530843.953951597 0.7230
1520530844.003965139 0.7610
1520530844.053963184 0.7431
1520530844.103965282 0.7373
1520530844.153966427 0.7407
1520530844.203968287 0.9558
1520530844.253969431 0.6772
1520530844.304044247 0.8507
1520530844.353972197 0.6820
1520530844.403861761 0.8447
1520530844.453862906 0.6294
1520530844.503864765 0.7518
1520530844.553865910 0.6892
1520530844.603868008 0.6849
1520530844.653869867 0.7782
1520530844.703871012 0.5788
1520530844.753872871 0.5957
1520530844.804014921 0.6795
1520530844.854016781 0.6415
1520530844.904017925 0.4893
1520530844.954019785 0.6316
1520530845.004021645 0.5661
1520530845.054023027 0.6720
1520530845.104024887 0.5485
1520530845.154025793 0.7090
1520530845.204027891 0.5370
1520530845.254548788 0.6062
1520530845.304550648 0.4257
1520530845.354551792 0.6282
1520530845.404552698 0.7326
1520530845.454554558 0.5345
1520530845.504555702 0.6413
1520530845.554557800 0.4899
1520530845.604559898 0.6247
1520530845.654413939 0.5443
1520530845.704415083 0.3762
1520530845.754415989 0.5820
1520530845.804417849 0.6712
1520530845.854418993 0.6011
1520530845.904448748 0.6396
1520530845.954421759 0.7260
1520530846.004423857 0.8469
1520530846.054295778 0.6868
1520530846.104297638 0.7316
1520530846.154298782 0.5706
1520530846.204300880 0.8413
1520530846.254302740 0.7355
1520530846.304303885 0.9143
1520530846.354305744 0.6607
1520530846.404306889 0.9952
1520530846.454087734 0.6019
1520530846.504088879 0.6082
1520530846.554090738 0.7889
1520530846.604092598 0.7851
1520530846.654093742 0.8391
1520530846.704095840 0.8461
1520530846.754096985 0.6454
1520530846.804098845 0.7075
1520530846.853992462 0.7854
1520530846.903994560 0.5238
1520530846.953995466 0.8069
1520530847.003997803 0.9303
1520530847.053999662 0.7731
1520530847.104000568 0.6145
1520530847.154001713 0.7288
1520530847.204005718 0.7907
1520530847.254088402 0.8473
1520530847.304090738 0.7099
1520530847.354091406 0.8895
1520530847.404093504 0.7697
1520530847.454094648 0.8650
1520530847.504096508 0.8054
1520530847.554097414 0.6493
1520530847.604099512 0.7136
1520530847.654100418 0.7578
1520530847.704269648 0.6933
1520530847.754270792 0.4238
1520530847.804272652 0.6159
1520530847.854274511 0.6956
1520530847.904275656 0.5319
1520530847.954277515 0.7645
1520530848.004278898 0.7698
1520530848.054280758 0.5077
1520530848.104164600 0.8359
1520530848.154166460 0.4043
1520530848.204168558 0.5356
1520530848.254169703 0.6081
1520530848.304171562 0.5193
1520530848.354172468 0.5751
1520530848.404174566 0.5482
1520530848.454176426 0.6261
1520530848.503816128 0.4720
1520530848.553818226 0.3132
1520530848.603819370 0.6726
1520530848.653821230 0.7397
1520530848.703822136 0.7327
1520530848.753824234 0.7586
1520530848.803826094 0.6641
1520530848.853827238 0.7542
1520530848.903765440 0.5323
1520530848.953767776 0.6304
1520530849.003768682 0.6834
1520530849.053775549 0.6976
1520530849.103771687 0.8253
1520530849.153861523 0.5858
1520530849.203774452 0.6481
1520530849.253775597 0.8829
1520530849.304012299 0.7876
1520530849.354014397 0.6125
1520530849.404015303 0.7638
1520530849.454017162 0.8142
1520530849.504018545 0.6001
1520530849.554020405 0.7849
1520530849.604021311 0.5983
1520530849.654023409 0.8211
1520530849.704024315 0.6043
1520530849.754075050 0.6857
1520530849.804077148 0.4304
1520530849.854078293 0.5530
1520530849.904080153 0.6215
1520530849.954081059 0.4438
1520530850.004083157 0.5870
1520530850.054084063 0.6376
1520530850.104087114 0.4431
1520530850.154247284 0.6233
1520530850.204247952 0.7629
1520530850.254250050 0.7384
1520530850.304252148 0.7725
1520530850.354254007 0.3801
1520530850.404256105 0.5643
1520530850.454256058 0.6672
1520530850.504258156 0.5017
1520530850.554295063 0.7068
1520530850.604296923 0.8258
1520530850.654297829 0.6196
1520530850.704299927 0.7010
1520530850.754339933 0.5665
1520530850.804302931 0.7589
1520530850.854304075 0.6430
1520530850.904305935 0.7441
1520530850.954236984 0.6368
1520530851.004238844 0.7608
1520530851.054240942 0.5696
1520530851.104241848 0.6566
1520530851.154244184 0.8113
1520530851.204245090 0.5743
1520530851.254246950 0.6870
1520530851.304248095 0.5594
1520530851.354319811 0.8049
1520530851.404321909 0.6659
1520530851.454323053 0.7985
1520530851.504324913 0.7246
1520530851.554325819 0.8875
1520530851.604327917 0.6412
1520530851.654328823 0.8774
1520530851.704330683 0.6470
1520530851.754292250 0.8377
1520530851.804294109 0.7269
1520530851.854296207 0.7214
1520530851.904297113 0.7347
1520530851.954298019 0.6956
1520530852.004300356 0.8356
1520530852.054301262 0.6871
1520530852.104303360 0.7944
1520530852.154304266 0.6339
1520530852.204151154 0.7038
1520530852.254152298 0.4808
1520530852.304154158 0.6321
1520530852.354155064 0.5757
1520530852.404157162 0.7362
1520530852.454158068 0.5058
1520530852.504159927 0.6584
1520530852.554161072 0.5582
1520530852.604380131 0.7625
1520530852.654381990 0.4157
1520530852.704382896 0.6390
1520530852.754385233 0.6047
1520530852.804386139 0.6785
1520530852.854387999 0.6390
1520530852.904389143 0.6242
1520530852.954391003 0.5284
1520530853.004533291 0.6933
1520530853.054534435 0.5326
1520530853.104536295 0.6425
1520530853.154537201 0.6186
1520530853.204539299 0.8124
1520530853.254540205 0.6197
1520530853.304543257 0.7612
1520530853.354544401 0.6092
1520530853.404341936 0.6472
1520530853.454342842 0.5077
1520530853.504344940 0.6340
1520530853.554346085 0.5865
1520530853.604347944 0.7384
1520530853.654348850 0.8376
1520530853.704349995 0.6690
1520530853.754352808 0.8263
1520530853.804126263 0.6583
1520530853.854123116 0.7682
1520530853.904125214 0.4440
1520530853.954126120 0.6116
1520530854.004222155 0.6573
1520530854.054129124 0.6202
1520530854.104130983 0.8049
1520530854.154132128 0.7250
1520530854.204134226 1.0305
1520530854.254028320 0.7976
1520530854.304029465 0.5620
1520530854.354031324 0.7587
1520530854.404032230 0.8761
1520530854.454034328 0.8201
1520530854.504035234 0.6563
1520530854.554037333 0.6745
1520530854.604039431 0.6506
1520530854.654197931 0.8109
1520530854.704200029 0.5105
1520530854.754200935 0.5900
1520530854.804203033 0.6765
1520530854.854204893 0.5843
1520530854.904206038 0.6268
1520530854.954207897 0.5368
1520530855.004209995 0.6254
1520530855.054454327 0.5494
1520530855.104456425 0.3602
1520530855.154457331 0.6351
1520530855.204459429 0.7684
1520530855.254460335 0.6197
1520530855.304462433 0.7230
1520530855.354463577 0.4457
1520530855.404465437 0.5622
1520530855.454261780 0.5302
1520530855.504263639 0.3087
1520530855.554264545 0.4461
1520530855.604308844 0.4362
1520530855.654267550 0.4798
1520530855.704269648 0.5211
1520530855.754270792 0.5969
1520530855.804272652 0.7602
1520530855.853945971 0.4510
1520530855.903946638 0.3241
1520530855.953948736 0.6091
1520530856.003949881 0.7150
1520530856.053951740 0.6546
1520530856.103952885 0.8179
1520530856.153954744 0.6832
1520530856.203956842 0.8176
1520530856.253995657 0.6877
1520530856.303997993 0.7541
1520530856.353999853 0.5846
1520530856.404000759 0.7874
1520530856.454001904 0.5871
1520530856.504003763 0.7739
1520530856.554005861 0.6584
1520530856.604007006 0.7847
1520530856.654008865 0.5338
1520530856.704353094 0.6136
1520530856.754354954 0.3482
1520530856.804356813 0.5733
1520530856.854357958 0.7357
1520530856.904358864 0.8406
1520530856.954360723 0.5088
1520530857.004363060 0.7191
1520530857.054363966 0.4825
1520530857.104498625 0.7749
1520530857.154500723 0.4553
1520530857.204501867 0.5236
1520530857.254502773 0.6139
1520530857.304504633 0.5332
1520530857.354506731 0.5616
1520530857.404507637 0.6347
1520530857.454509497 0.5527
1520530857.504649162 0.7482
1520530857.554651022 0.4174
1520530857.604651928 0.5408
1520530857.654654264 0.6320
1520530857.704655170 0.5174
1520530857.754657030 0.6511
1520530857.804659128 0.8023
1520530857.854660034 0.4569
1520530857.904691935 0.6210
1520530857.954693794 0.7787
1520530858.004694939 0.5545
1520530858.054695845 0.6146
1520530858.104697943 0.7149
1520530858.154700041 0.8271
1520530858.204701900 0.5300
1520530858.254702806 0.6976
1520530858.304575920 0.6633
1520530858.354578018 0.7370
1520530858.404578924 0.4725
1520530858.454581022 0.6904
1520530858.504582882 0.6992
1520530858.554583788 0.7896
1520530858.604585886 0.6061
1520530858.654592037 0.8271
1520530858.704606771 0.5731
1520530858.754607916 0.7254
1520530858.804609776 0.6048
1520530858.854706764 0.8224
1520530858.904612780 0.6529
1520530858.954613686 0.8302
1520530859.004615784 0.8925
1520530859.054617882 0.6087
1520530859.104618788 0.7879
1520530859.154594898 1.0005
1520530859.204596043 0.6558
1520530859.254597902 0.7923
1520530859.304598808 0.6240
1520530859.354600906 0.9343
1520530859.404602766 0.6750
1520530859.454603672 0.8266
1520530859.504606009 0.6534
1520530859.554533005 0.7914
1520530859.604535103 0.6165
1520530859.654536009 0.6603
1520530859.704538107 0.6421
1520530859.754539013 0.6463
1520530859.804542065 0.5987
1520530859.854543209 0.5117
1520530859.904544115 0.6376
1520530859.954867601 0.6633
1520530860.004869699 0.6942
1520530860.054871559 0.5204
1520530860.104873657 0.6101
1520530860.154873610 0.5845
1520530860.204875469 0.5203
1520530860.254876614 0.6468
1520530860.304878473 0.6964
1520530860.355013609 0.5369
1520530860.405015469 0.5498
1520530860.455060720 0.6416
1520530860.505018711 0.5649
1520530860.555019617 0.6683
1520530860.605021715 0.5422
1520530860.655023575 0.6554
1520530860.705024719 0.5258
1520530860.754849911 0.7562
1520530860.804851055 0.5888
1520530860.854852915 0.6972
1520530860.904853821 0.5755
1520530860.954855919 0.8454
1520530861.004857779 0.7396
1520530861.054858685 0.8229
1520530861.104861021 0.6607
1520530861.154861927 0.7804
1520530861.204705715 0.7678
1520530861.254708052 0.5826
1520530861.304708958 0.7440
1520530861.354710102 0.7662
1520530861.404711962 0.8819
1520530861.454713821 0.7892
1520530861.504714966 0.9289
1520530861.554716825 0.8119
1520530861.604568005 0.6554
1520530861.654568911 0.5860
1520530861.704571247 0.8183
1520530861.754571915 0.7943
1520530861.804574013 0.7769
1520530861.854575157 0.7808
1520530861.904577017 0.7625
1520530861.954577923 0.8640
1520530862.004641056 0.7792
1520530862.054642200 0.6812
1520530862.104644060 0.6213
1520530862.154645205 0.8462
1520530862.204647064 0.9058
1520530862.254649162 0.5745
1520530862.304650307 0.6786
1520530862.354652166 0.8468
1520530862.404806614 0.9366
1520530862.454808474 0.4019
1520530862.504809618 0.6478
1520530862.554811716 0.6454
1520530862.604813576 0.6019
1520530862.654814720 0.6718
1520530862.704816580 0.6412
1520530862.754817486 0.7590
1520530862.804625988 0.5262
1520530862.854626894 0.4385
1520530862.904628754 0.7550
1520530862.954629898 0.8162
1520530863.004631758 0.6204
1520530863.054633617 0.6991
1520530863.104634762 0.4988
1520530863.154636860 0.5881
1520530863.204078913 0.6395
1520530863.254079819 0.4139
1520530863.304081678 0.6281
1520530863.354083776 0.5916
1520530863.404084682 0.4684
1520530863.454085588 0.7719
1520530863.504087925 0.5941
1520530863.554088593 0.6442
1520530863.604090691 0.6676
1520530863.653908968 0.7438
1520530863.704003811 0.7126
1520530863.753911734 0.6417
1520530863.803914070 0.7124
1520530863.853915930 0.7240
1520530863.903916836 0.7729
1520530863.953918934 0.6766
1520530864.003919840 0.8586
1520530864.054670811 0.0000
1520530864.104672909 0.7728
1520530864.154673815 0.9374
1520530864.204676151 0.7179
1520530864.254677057 0.8008
1520530864.304678917 0.7042
1520530864.354680061 0.6298
1520530864.404681921 0.8411
1520530864.455241680 0.7522
1520530864.505243540 0.8080
1520530864.555244446 0.5779
1520530864.605246782 0.7611
1520530864.655248642 0.7683
1520530864.705250502 0.7134
1520530864.755251646 0.8381
1520530864.805252552 0.6372
1520530864.854247332 1.2642
1520530864.904249668 0.5179
1520530864.954250574 0.6848
1520530865.004252434 0.8168
1520530865.054254532 0.7493
1520530865.104255438 0.7366
1520530865.154261589 0.7296
1520530865.204258442 0.7876
1520530865.253918886 1.0907
1520530865.303959131 0.0000
1520530865.353922844 0.8381
1520530865.403923988 0.7102
1520530865.453925848 0.7195
1520530865.503926992 0.6602
1520530865.553928852 0.6907
1520530865.603929758 0.6509
1520530865.653932095 0.7860
1520530865.704600573 0.0000
1520530865.754602671 0.8754
1520530865.804604769 0.7672
1520530865.854605675 0.6898
1520530865.904607773 0.6757
1520530865.954608679 0.6124
1520530866.004610538 0.5644
1520530866.054612637 0.4856
1520530866.105678082 0.0000
1520530866.155680180 0.6613
1520530866.205681086 0.7328
1520530866.255683422 0.7692
1520530866.305685282 0.7686
1520530866.355687141 0.7145
1520530866.405688286 0.7551
1520530866.455689192 0.7290
1520530866.504818439 0.6433
1520530866.554819345 0.3211
1520530866.604821205 0.6143
1520530866.654822350 0.7826
1520530866.704824209 0.6112
1520530866.754826307 0.6911
1520530866.804827452 0.8134
1520530866.854828358 0.7988
1520530866.903951168 0.0000
1520530866.953953266 0.8576
1520530867.003954172 0.9634
1520530867.053956032 0.8488
1520530867.103957176 0.8217
1520530867.153959274 0.9887
1520530867.203960419 0.9397
1520530867.253962278 0.9031
1520530867.304045200 0.9268
1520530867.354047298 0.7286
1520530867.404049158 0.6998
1520530867.454050303 0.5849
1520530867.504052162 0.6733
1520530867.554054260 0.4082
1520530867.604055405 0.6387
1520530867.654056311 0.5343
1520530867.705262184 0.0000
1520530867.755264282 0.8679
1520530867.805265188 0.7402
1520530867.855267048 0.8408
1520530867.905269146 0.8751
1520530867.955270052 0.8788
1520530868.005272150 0.8896
1520530868.055273294 0.7611
1520530868.105275154 0.8090
1520530868.154267550 1.1502
1520530868.204268456 0.0000
1520530868.254269600 0.7908
1520530868.304271698 0.7705
1520530868.354272604 0.8138
1520530868.404274702 0.8037
1520530868.454276562 0.7445
1520530868.504277468 0.7108
1520530868.554019928 1.0617
1520530868.603940964 0.0000
1520530868.653942823 0.9299
1520530868.703943729 0.4986
1520530868.753945827 0.6873
1520530868.803946733 0.6299
1520530868.853948593 0.5813
1520530868.903949738 0.4805
1520530868.954710007 0.0000
1520530869.004712105 0.9528
1520530869.054713011 0.5218
1520530869.104715109 0.8292
1520530869.154716253 0.7283
1520530869.204718113 0.5592
1520530869.254719019 0.7177
1520530869.304721117 0.7336
1520530869.355246305 0.8990
1520530869.405247211 0.3670
1520530869.455249071 0.8202
1520530869.505250216 0.7284
1520530869.555252314 0.6809
1520530869.605253220 0.6926
1520530869.655255318 0.7009
1520530869.705257177 0.7827
1520530869.754108667 0.0000
1520530869.804110527 0.9004
1520530869.854111671 0.8643
1520530869.904113770 0.6422
1520530869.954115629 0.7707
1520530870.004116774 0.6249
1520530870.054117680 0.7030
1520530870.104119539 0.5676
1520530870.153995752 0.7265
1520530870.203977823 0.6045
1520530870.253979683 0.6926
1520530870.303980827 0.6147
1520530870.353982687 0.5769
1520530870.403983593 0.6810
1520530870.453985691 0.5582
1520530870.503986597 0.6411
1520530870.553988695 0.6449
1520530870.604328632 0.0000
1520530870.654329538 0.1675
1520530870.704331636 0.5068
1520530870.754332781 0.7938
1520530870.804334641 0.6597
1520530870.854335546 0.6063
1520530870.904337645 0.7193
1520530870.954338551 0.7353
1520530871.005245209 0.0000
1520530871.055247068 1.0455
1520530871.105249166 0.6363
1520530871.155250072 0.7404
1520530871.205252171 0.5093
1520530871.255253315 0.8199
1520530871.305255175 0.8873
1520530871.355257034 0.8551
1520530871.404156685 0.0000
1520530871.454157829 0.5992
1520530871.504159689 0.5445
1520530871.554161549 0.6082
1520530871.604162931 0.7493
1520530871.654163599 0.7318
1520530871.704165936 0.6505
1520530871.754167795 0.4075
1520530871.804374456 0.7196
1520530871.854376793 0.7384
1520530871.904377699 0.7908
1520530871.954379559 0.7425
1520530872.004380703 0.7804
1520530872.054382563 0.6355
1520530872.104383469 0.5917
1520530872.154385567 0.6882
1520530872.204461336 0.6133
1520530872.254462242 0.5828
1520530872.304464102 0.6943
1520530872.354465246 0.6315
1520530872.404467106 0.7508
1520530872.454468012 0.6558
1520530872.504470348 0.8838
1520530872.554471254 0.7904
1520530872.604473114 0.7666
1520530872.654145956 0.6046
1520530872.704148054 0.6033
1520530872.754149199 0.6295
1520530872.804151058 0.8022
1520530872.854152203 0.6688
1520530872.904153109 0.6711
1520530872.954155922 0.5217
1520530873.004157066 0.7179
1520530873.054336071 0.7557
1520530873.104337931 0.6973
1520530873.154339075 0.7714
1520530873.204340935 0.6820
1520530873.254342079 0.7374
1520530873.304344177 0.7236
1520530873.354346037 1.0182
1520530873.404403925 0.7884
1520530873.454876423 0.0000
1520530873.504877329 0.9885
1520530873.554879189 0.9061
1520530873.604880333 0.7473
1520530873.654882193 0.6116
1520530873.704883337 0.6911
1520530873.754885435 0.5676
1520530873.804887295 0.7248
1520530873.854907036 0.7223
1520530873.904909372 0.6871
1520530873.954910278 0.8028
1520530874.004912138 0.7472
1520530874.054913282 0.7521
1520530874.104915142 0.5499
1520530874.154917002 0.5846
1520530874.204918385 0.8515
1520530874.254431486 0.7881
1520530874.304432392 0.4027
1520530874.354434252 0.4794
1520530874.404436588 0.6598
1520530874.454437494 0.7327
1520530874.504439354 0.5026
1520530874.554441452 0.7448
1520530874.604442358 0.4894
1520530874.654208660 0.7982
1520530874.704210758 0.3338
1520530874.754211903 0.5963
1520530874.804213762 0.5969
1520530874.854215622 0.6595
1520530874.904216766 0.5207
1520530874.954218864 0.6019
1520530875.004220009 0.6860
1520530875.054221869 0.6476
1520530875.104334593 0.5503
1520530875.154336691 0.5449
1520530875.204337597 0.5504
1520530875.254339695 0.5316
1520530875.304340839 0.6207
1520530875.354342699 0.4128
1520530875.404344559 0.5998
1520530875.454345703 0.7250
