1520530731.450020313 104
1520530732.700067282 166
1520530735.900184393 273
1520530736.250198126 338
1520530736.500248909 336
1520530736.700254679 426
1520530736.900250196 384
1520530737.100257397 433
1520530737.350260735 410
1520530737.550266981 379
1520530737.700183392 339
1520530737.800186157 475
1520530737.950191021 419
1520530738.050194263 487
1520530738.150314808 271
1520530738.250403643 437
1520530738.400316715 393
1520530738.500566959 204
1520530738.600570202 381
1520530738.700572968 378
1520530738.800575972 333
1520530738.900221348 49
1520530738.950223684 257
1520530739.100227594 219
1520530739.300234556 235
1520530739.500123739 189
1520530739.650128603 275
1520530739.800312996 150
1520530739.950318098 264
1520530740.050321102 263
1520530740.150481224 194
1520530740.300486088 330
1520530740.450489998 334
1520530740.550278187 145
1520530740.650281906 296
1520530740.750285149 290
1520530740.900290012 315
1520530741.000432730 207
1520530741.100435734 310
1520530741.200438499 259
1520530741.300441504 231
1520530741.400638103 186
1520530741.600644112 320
1520530741.750648975 308
1520530741.950468063 194
1520530742.100473166 340
1520530742.250339985 202
1520530742.600603819 103
1520530742.700606823 310
1520530742.800609827 274
1520530742.900612831 304
1520530743.000436783 221
1520530743.200442553 370
1520530743.300445795 359
1520530743.400276661 144
1520530743.500279903 300
1520530743.600282907 289
1520530743.851239920 177
1520530743.951242685 164
1520530744.051246881 404
1520530744.151248932 438
1520530744.301206112 391
1520530744.401209116 423
1520530744.501211882 386
1520530744.551213980 408
1520530744.601214886 444
1520530744.700966120 175
1520530744.800969124 290
1520530744.900972366 315
1520530745.000976086 314
1520530745.101080179 257
1520530745.201083183 332
1520530745.251084089 360
1520530745.301086187 379
1520530745.351088047 374
1520530745.401088953 356
1520530745.451043129 304
1520530745.551045895 304
1520530745.651048899 319
1520530745.751053095 384
1520530745.850826025 209
1520530745.950829983 327
1520530746.000830889 310
1520530746.050833225 331
1520530746.100834131 295
1520530746.150839090 303
1520530746.200837135 334
1520530746.250910282 372
1520530746.300487280 37
1520530746.350489140 216
1520530746.400490284 244
1520530746.450492144 262
1520530746.500493288 278
1520530746.600497246 242
1520530746.700510263 225
1520530746.800513268 250
1520530746.850514174 277
1520530746.900516272 247
1520530746.950518370 277
1520530747.000519276 276
1520530747.050521374 270
1520530747.100689173 134
1520530747.150691271 226
1520530747.200693130 251
1520530747.250695229 321
1520530747.300696373 309
1520530747.400699139 262
1520530747.501333475 46
1520530747.551335335 358
1520530747.601336479 326
1520530747.651339531 305
1520530747.701339483 254
1520530747.751341581 257
1520530747.801342487 264
1520530747.851408482 299
1520530747.901266336 318
1520530747.951268673 338
1520530748.001269579 371
1520530748.051271439 371
1520530748.101272583 372
1520530748.151274443 373
1520530748.201276302 396
1520530748.251277685 467
1520530748.300789595 115
1520530748.400792360 324
1520530748.500795364 292
1520530748.600798368 278
1520530748.650800467 351
1520530748.700801611 355
1520530748.750571012 159
1520530748.800571918 233
1520530748.850573778 224
1520530748.900576115 211
1520530748.950576782 218
1520530749.000578880 270
1520530749.100584984 259
1520530749.200923681 108
1520530749.300926447 313
1520530749.400929451 341
1520530749.500932693 148
1520530749.551299334 47
1520530749.601300240 165
1520530749.651302338 185
1520530749.701303244 244
1520530749.751305103 363
1520530749.801307440 413
1520530749.851308346 485
1520530749.901310205 493
1520530750.001000643 156
1520530750.101003885 242
1520530750.201006889 228
1520530750.251008749 256
1520530750.301009893 220
1520530750.350639105 45
1520530750.400640965 186
1520530750.500644207 224
1520530750.600647211 270
1520530750.700654030 319
1520530750.800614834 300
1520530750.900618076 266
1520530750.950618982 267
1520530751.000621080 310
1520530751.050668955 272
1520530751.100623846 262
1520530751.150625944 270
1520530751.201260090 275
1520530751.251261950 182
1520530751.301262856 296
1520530751.351264954 369
1520530751.401267052 374
1520530751.451268196 466
1520530751.501270056 510
1520530751.601708174 189
1520530751.701711178 305
1520530751.801714182 233
1520530751.851716042 298
1520530751.901717186 340
1520530751.951719284 347
1520530752.001096249 32
1520530752.051097155 215
1520530752.151101112 255
1520530752.251103163 300
1520530752.351107121 281
1520530752.401229382 203
1520530752.501233339 205
1520530752.551233530 250
1520530752.601235390 257
1520530752.651273489 258
1520530752.701238632 271
1520530752.751240492 319
1520530752.801898479 35
1520530752.851900339 274
1520530752.901901484 418
1520530752.951903582 454
1520530753.001905441 454
1520530753.051906586 458
1520530753.101908445 388
1520530753.151909351 334
1520530753.201911449 228
1520530753.251553535 104
1520530753.301555634 195
1520530753.351556540 178
1520530753.401558638 172
1520530753.451560736 173
1520530753.501561642 207
1520530753.551563501 226
1520530753.601565599 274
1520530753.651035309 29
1520530753.701037407 242
1520530753.851041555 273
1520530754.051765203 21
1520530754.101767063 380
1520530754.751729488 205
1520530754.901700974 333
1520530755.001703739 396
1520530755.101706743 290
1520530755.201710939 276
1520530755.251591444 269
1520530755.351593256 285
1520530755.451596260 260
1520530755.551599264 254
1520530755.651602507 207
1520530755.751247644 83
1520530755.851266623 212
1520530755.951254606 192
1520530756.051257610 178
1520530756.151241302 151
1520530756.251244068 159
1520530756.351247072 118
1520530756.401248932 72
1520530756.451250076 55
1520530756.501374722 36
1520530756.551376820 100
1520530756.601377726 75
1520530756.651379824 84
1520530756.701380968 94
1520530756.751382828 85
1520530756.801383972 89
1520530756.901524305 49
1520530756.951526165 92
1520530757.001527071 103
1520530757.151530981 76
1520530757.201533079 124
1520530757.301300287 59
1520530757.351301432 128
1520530757.451311350 120
1520530757.551308393 116
1520530757.651311398 146
1520530757.751027346 59
1520530757.801029444 187
1520530757.951033354 131
1520530758.051036358 201
1520530758.151144505 97
1520530758.251148224 130
1520530758.351151466 137
1520530758.451154470 137
1520530758.551586628 53
1520530758.601588726 178
1520530758.701591492 229
1520530758.801594734 286
1520530758.951488256 178
1520530759.101492167 241
1520530759.251497269 222
1520530759.501669407 146
1520530759.651673317 259
1520530759.801604271 247
1520530760.001610279 283
1520530760.151616335 298
1520530760.301537991 284
1520530760.401541233 334
1520530760.501544237 296
1520530760.601489305 300
1520530760.701492548 310
1520530760.801495552 313
1520530760.901498318 347
1520530761.001376867 284
1520530761.151381016 324
1520530761.301385880 255
1520530761.401249647 194
1520530761.501252651 217
1520530761.601256371 232
1520530761.701259613 283
1520530761.801129580 162
1520530761.901133537 267
1520530762.051136494 255
1520530762.201313734 174
1520530762.301316977 302
1520530762.401319742 271
1520530762.501322746 262
1520530762.601326942 241
1520530762.701532841 169
1520530762.801536083 230
1520530762.901539087 209
1520530763.001541853 256
1520530763.151561975 224
1520530763.351568222 192
1520530763.501562357 186
1520530763.651566267 163
1520530763.801571369 141
1520530763.901453257 90
1520530764.001456499 157
1520530764.151461363 116
1520530764.251481295 148
1520530764.401486397 110
1520530764.501489162 98
1520530764.601492167 70
1520530764.651494026 71
1520530764.701715469 14
1520530764.751717329 46
1520530764.801719189 43
1520530764.851720333 66
1520530764.901721239 83
1520530764.951724291 105
1520530765.051727295 85
1520530765.151765347 90
1520530765.251767397 104
1520530765.401772261 83
1520530765.451774120 107
1520530765.501667500 62
1520530765.551565647 117
1520530765.701569557 91
1520530765.801573515 120
1520530765.901345491 43
1520530765.951346397 118
1520530766.051349401 120
1520530766.151352644 155
1520530766.251356363 144
1520530766.351373672 125
1520530766.501378536 105
1520530766.601381302 154
1520530766.701833963 30
1520530766.751835823 214
1520530766.851839066 202
1520530766.951842070 212
1520530767.051844835 207
1520530767.151878357 246
1520530767.251881361 294
1520530767.351884365 287
1520530767.701862097 164
1520530767.951935530 172
1520530768.201943636 210
1520530768.401886702 223
1520530768.601892948 259
1520530768.901814461 167
1520530769.051819563 287
1520530769.151822567 320
1520530769.251871347 304
1520530769.351875305 310
1520530769.451878309 299
1520530769.551881313 312
1520530769.651851416 340
1520530769.851858616 328
1520530769.951861858 340
1520530770.051661491 215
1520530770.151665688 270
1520530770.251668453 271
1520530770.351671457 251
1520530770.451533794 174
1520530770.551536798 257
1520530770.651540041 241
1520530770.801611423 204
1520530771.001617432 256
1520530771.101620436 296
1520530771.201895714 158
1520530771.301899672 302
1520530771.401902676 247
1520530771.501905680 244
1520530771.601908684 247
1520530771.701879978 226
1520530771.851885080 233
1520530772.051866770 213
1520530772.201871872 193
1520530772.301874638 228
1520530772.451787233 91
1520530772.551790237 192
1520530772.701795340 130
1520530772.851710320 75
1520530772.901712418 164
1520530773.001715183 113
1520530773.101718187 137
1520530773.201721430 121
1520530773.251870155 94
1520530773.301871300 155
1520530773.401874542 75
1520530773.451876402 89
1520530773.501919270 73
1520530773.551879406 77
1520530773.601880312 48
1520530773.651882172 34
1520530773.701948404 45
1520530773.751950264 78
1520530773.801952362 85
1520530773.901955366 74
1520530773.951956511 105
1520530774.151986361 91
1520530774.251989603 104
1520530774.451995373 81
1520530774.501791954 57
1520530774.551794291 99
1520530774.651797056 92
1520530774.751800060 109
1520530774.851803064 150
1520530774.901629925 88
1520530775.051635027 148
1520530775.251640797 131
1520530775.301808119 88
1520530775.401811123 165
1520530775.501814127 130
1520530775.601817131 187
1520530775.702431679 21
1520530775.752434015 270
1520530775.852437019 202
1520530775.952439785 219
1520530776.052442789 247
1520530776.252286434 177
1520530776.452292442 240
1520530776.602303505 227
1520530776.752308369 232
1520530776.902312517 234
1520530777.052345037 270
1520530777.302353144 232
1520530777.552229166 173
1520530777.802134275 207
1520530777.952138186 299
1520530778.052142143 314
1520530778.152195692 337
1520530778.252198696 293
1520530778.352201462 330
1520530778.502205372 306
1520530778.652253151 255
1520530778.752256155 290
1520530778.852259398 282
1520530778.952263117 309
1520530779.052048683 173
1520530779.102049589 283
1520530779.152051449 292
1520530779.252054453 217
1520530779.352058649 252
1520530779.451860666 155
1520530779.701868534 214
1520530779.802151203 126
1520530779.902155161 288
1520530780.002157211 244
1520530780.102160215 264
1520530780.202292681 220
1520530780.302295446 252
1520530780.452299833 224
1520530780.652139425 162
1520530780.852145672 249
1520530781.002150774 179
1520530781.102166414 231
1520530781.252170563 129
1520530781.352173567 182
1520530781.452058554 115
1520530781.602062702 160
1520530781.752067566 128
1520530781.902038813 125
1520530782.052042723 114
1520530782.152045727 87
1520530782.202047825 82
1520530782.252168655 42
1520530782.302169561 72
1520530782.352171421 72
1520530782.402172565 85
1520530782.452174664 109
1520530782.552178621 94
1520530782.652289391 75
1520530782.702290058 112
1520530782.852294207 87
1520530782.902296305 153
1520530783.102149963 62
1520530783.152151823 108
1520530783.302155733 80
1520530783.352157593 127
1520530783.452160835 121
1520530783.501915693 61
1520530783.551916599 120
1520530783.651919603 114
1520530783.751923800 168
1520530783.901875496 101
1520530784.051880360 128
1520530784.151883602 122
1520530784.251886368 136
1520530784.302434206 16
1520530784.352436304 190
1520530784.452439308 189
1520530784.552441120 191
1520530784.652445078 190
1520530784.702521563 251
1520530784.802524567 266
1520530784.902527809 296
1520530785.302409649 114
1520530785.502415895 219
1520530785.702474594 199
1520530786.102442741 146
1520530786.302447796 231
1520530786.452354670 236
1520530786.552357674 318
1520530786.652360439 302
1520530786.752382517 315
1520530786.852385521 336
1520530786.952388287 319
1520530787.052392483 290
1520530787.152462959 308
1520530787.302467823 253
1520530787.402470827 283
1520530787.502474785 299
1520530787.602204561 188
1520530787.702207565 283
1520530787.802210569 259
1520530787.902213573 225
1520530788.002069950 147
1520530788.102072716 227
1520530788.202076912 227
1520530788.352080822 227
1520530788.452167749 235
1520530788.552171469 295
1520530788.652174473 275
1520530788.752177715 275
1520530788.852200985 283
1520530788.952204943 272
1520530789.052208185 241
1520530789.202288151 194
1520530789.352293015 245
1520530789.452296019 247
1520530789.602353811 187
1520530789.752358913 211
1520530789.902364016 142
1520530790.002366781 196
1520530790.102262020 96
1520530790.202265024 161
1520530790.352270126 95
1520530790.452260494 130
1520530790.552263498 104
1520530790.652266502 96
1520530790.752270699 108
1520530790.802271605 120
1520530790.852422714 48
1520530790.902427673 113
1520530790.952425718 82
1520530791.002427578 51
1520530791.052428484 55
1520530791.102429628 45
1520530791.152455568 55
1520530791.202432871 73
1520530791.252573013 44
1520530791.302574158 100
1520530791.402577877 94
1520530791.552582026 108
1520530791.652470827 74
1520530791.702472687 111
1520530791.852477789 86
1520530792.002482653 110
1520530792.102171183 44
1520530792.152172089 125
1520530792.252176046 123
1520530792.352179289 180
1520530792.452182055 217
1520530792.502040386 102
1520530792.652044296 190
1520530792.802048445 121
1520530792.902247906 66
1520530792.952249765 184
1520530793.052253008 160
1520530793.152256012 190
1520530793.252259016 191
1520530793.302666664 79
1520530793.402669668 211
1520530793.502672672 259
1520530793.652677536 259
1520530793.802592754 194
1520530794.052604914 189
1520530794.252652645 183
1520530794.452658415 242
1520530794.602677822 253
1520530794.802683830 276
1520530795.002674103 276
1520530795.202680111 281
1520530795.352701664 307
1520530795.452705860 340
1520530795.552708864 329
1520530795.652710915 306
1520530795.752690315 286
1520530795.852694511 293
1520530795.952699423 306
1520530796.052700520 316
1520530796.152534246 260
1520530796.252537251 305
1520530796.352540493 259
1520530796.452543497 216
1520530796.552486181 179
1520530796.652489901 205
1520530796.752493143 205
1520530796.852496147 258
1520530796.952499151 288
1520530797.052633524 208
1520530797.152636766 318
1520530797.302641630 291
1520530797.402760029 242
1520530797.502762079 281
1520530797.652766943 245
1520530797.752769947 301
1520530797.852644205 193
1520530797.952647209 259
1520530798.102652073 210
1520530798.252506733 162
1520530798.402510643 232
1520530798.552515507 218
1520530798.702417612 118
1520530798.852422714 174
1520530798.952425718 165
1520530799.052339315 125
1520530799.202422380 137
1520530799.352348089 80
1520530799.402350426 119
1520530799.452410460 71
1520530799.502412558 86
1520530799.552413464 85
1520530799.652416468 90
1520530799.802421570 73
1520530799.852662325 56
1520530799.902663231 106
1520530800.052668095 87
1520530800.152671337 115
1520530800.302767038 87
1520530800.452771187 109
1520530800.602776051 121
1520530800.652460575 67
1520530800.702461481 149
1520530800.852466345 113
1520530800.952469587 123
1520530801.052102566 42
1520530801.102104664 117
1520530801.202107668 105
1520530801.302110672 124
1520530801.402113676 113
1520530801.502018929 68
1520530801.552020788 134
1520530801.702024698 111
1520530801.852030754 117
1520530801.902304411 57
1520530801.952305317 171
1520530802.102309465 140
1520530802.252314568 169
1520530802.352573395 153
1520530802.502577305 227
1520530802.702605009 209
1520530803.052616119 175
1520530803.252768993 188
1520530803.452775240 268
1520530803.702926159 200
1520530803.802930117 324
1520530804.002792120 220
1520530804.152787209 289
1520530804.252790213 343
1520530804.352735758 300
1520530804.452738762 261
1520530804.552742004 285
1520530804.652745724 268
1520530804.752780199 278
1520530804.852783442 295
1520530804.952786207 270
1520530805.052790165 287
1520530805.152562380 132
1520530805.252565622 205
1520530805.352569342 195
1520530805.452572346 226
1520530805.552534580 178
1520530805.652537584 248
1520530805.752540588 256
1520530805.902545691 275
1520530806.002724409 195
1520530806.152729273 319
1520530806.252732277 297
1520530806.352735281 302
1520530806.452899694 201
1520530806.552903414 289
1520530806.652906418 232
1520530806.752908468 243
1520530806.853026867 195
1520530807.003031731 203
1520530807.103034973 208
1520530807.252840996 91
1520530807.352844000 216
1520530807.502849102 112
1520530807.602721453 86
1520530807.702724695 151
1520530807.802727699 107
1520530807.852729559 121
1520530807.952732563 104
1520530808.002812386 79
1520530808.052814245 110
1520530808.102815390 90
1520530808.152818441 63
1520530808.202819347 59
1520530808.252820492 72
1520530808.302822351 73
1520530808.352824211 77
1520530808.402826548 83
1520530808.452991009 51
1520530808.502992153 109
1520530808.652999163 85
1520530808.753000259 107
1520530808.852989435 89
1520530808.952900410 116
1520530809.102905273 108
1520530809.252622604 43
1520530809.302624464 127
1520530809.452629566 88
1520530809.502630711 187
1520530809.602633476 90
1520530809.702635765 132
1520530809.802638769 136
1520530809.902641773 109
1520530810.002644777 119
1520530810.053197622 22
1520530810.103198528 152
1520530810.203201532 97
1520530810.253206491 146
1520530810.403207779 120
1520530810.453339100 188
1520530810.553277254 190
1520530810.653280258 203
1520530810.753283262 197
1520530810.903261662 178
1520530811.003264666 251
1520530811.153269768 230
1520530811.303123474 208
1520530811.503130436 259
1520530811.753140926 271
1520530811.903147936 299
1520530812.053188086 320
1520530812.153108120 329
1520530812.253111124 371
1520530812.353114128 335
1520530812.453117132 340
1520530812.553179026 327
1520530812.703184128 256
1520530812.803188324 309
1520530812.903190374 253
1520530813.003083229 249
1520530813.103086233 301
1520530813.203089476 236
1520530813.303093195 214
1520530813.402869463 128
1520530813.502872467 212
1520530813.602876663 212
1520530813.752878428 178
1520530813.902883291 201
1520530814.002886295 234
1520530814.102889299 271
1520530814.153383255 39
1520530814.203385115 344
1520530814.303388119 298
1520530814.403392076 253
1520530814.503394127 238
1520530814.603367329 247
1520530814.703370571 260
1520530814.803373337 270
1520530814.953189135 109
1520530815.053189039 208
1520530815.153192282 175
1520530815.253195286 193
1520530815.403064489 61
1520530815.453065395 172
1520530815.553068638 115
1520530815.653071642 156
1520530815.753074646 135
1520530815.853068113 104
1520530815.953071117 93
1520530816.003072262 152
1520530816.103075027 65
1520530816.153077364 66
1520530816.203195095 24
1520530816.253196239 47
1520530816.303198099 40
1520530816.353200197 48
1520530816.403201342 45
1520530816.453202248 42
1520530816.503205061 48
1520530816.553205252 65
1520530816.603259802 84
1520530816.653261900 89
1520530816.753264904 79
1520530816.803265810 116
1520530816.953270674 93
1520530817.002976418 47
1520530817.052977562 107
1520530817.202982664 89
1520530817.302985430 114
1520530817.402988434 106
1520530817.452914715 93
1520530817.552917719 114
1520530817.602919579 148
1520530817.702921629 98
1520530817.752923727 126
1520530817.853491545 17
1520530817.903492689 126
1520530818.003496408 76
1520530818.053497553 110
1520530818.153500557 86
1520530818.203501463 147
1520530818.303755760 99
1520530818.403757811 190
1520530818.503833771 196
1520530818.603764057 178
1520530818.703604221 147
1520530818.803607225 228
1520530819.003613234 231
1520530819.403465748 130
1520530819.553365469 240
1520530819.653368473 334
1520530819.753374577 331
1520530819.853374481 329
1520530819.953331709 288
1520530820.053329945 327
1520530820.203334808 262
1520530820.303466558 246
1520530820.403469563 324
1520530820.503472567 263
1520530820.603475571 272
1520530820.703377008 225
1520530820.803379774 259
1520530820.853381872 317
1520530820.903382778 289
1520530820.953384638 270
1520530821.053388834 246
1520530821.153219938 149
1520530821.303223848 192
1520530821.453228712 174
1520530821.603487253 124
1520530821.753491163 209
1520530821.853494167 279
1520530821.953847647 140
1520530822.053850651 280
1520530822.153853655 272
1520530822.253857613 273
1520530822.353642702 196
1520530822.503646612 261
1520530822.653652668 221
1520530822.753499985 165
1520530822.903504848 188
1520530823.003507853 181
1520530823.103511095 185
1520530823.153322220 102
1520530823.253325224 181
1520530823.403330326 133
1520530823.553307533 114
1520530823.703312635 120
1520530823.803315639 146
1520530823.903318644 97
1520530823.953421116 68
1520530824.003422022 133
1520530824.053424120 94
1520530824.103425980 77
1520530824.153426886 66
1520530824.203429222 74
1520530824.253430128 84
1520530824.303431988 98
1520530824.403522968 70
1520530824.453525066 94
1520530824.553528070 100
1520530824.653530836 93
1520530824.803378105 71
1520530824.853379011 143
1520530824.953473091 121
1520530825.053385258 126
1520530825.153388023 129
1520530825.203181982 75
1520530825.253183126 163
1520530825.353186131 140
1520530825.453190088 126
1520530825.553193331 115
1520530825.653214931 128
1520530825.753217936 123
1520530825.853221178 103
1520530825.953224897 93
1520530826.003935575 117
1520530826.053935289 51
1520530826.103938341 89
1520530826.153939486 111
1520530826.253942251 119
1520530826.353945255 145
1520530826.404023409 204
1520530826.504024982 182
1520530826.604029179 226
1520530826.754033089 239
1520530826.903660774 146
1520530827.103667021 238
1520530827.253637075 223
1520530827.403642178 253
1520530827.503645182 324
1520530827.603647947 364
1520530827.703594923 290
1520530827.803598166 308
1520530827.903600216 303
1520530828.003604174 321
1520530828.103574038 282
1520530828.203577995 303
1520530828.303580999 267
1520530828.403584003 262
1520530828.503459930 194
1520530828.603462934 225
1520530828.703465939 227
1520530828.803468704 208
1520530828.903293371 155
1520530829.053297520 175
1520530829.203302383 152
1520530829.303629160 84
1520530829.353631020 230
1520530829.453637123 233
1520530829.553637028 272
1520530829.653640032 259
1520530829.704049587 104
1520530829.804053545 275
1520530829.904056549 244
1520530830.004059553 247
1520530830.103815317 169
1520530830.203818321 239
1520530830.303821325 223
1520530830.403824329 189
1520530830.503615856 109
1520530830.603619814 191
1520530830.703622818 149
1520530830.803626776 137
1520530830.903462410 69
1520530830.953464270 169
1520530831.053467274 131
1520530831.203472376 111
1520530831.303475380 127
1520530831.403623819 99
1520530831.453526974 131
1520530831.553530216 63
1520530831.603532076 75
1520530831.653533220 55
1520530831.703535080 62
1520530831.753732681 28
1520530831.803734541 77
1520530831.853736639 84
1520530831.903737545 93
1520530831.953739405 103
1520530832.053742647 89
1520530832.153733492 83
1520530832.253736258 84
1520530832.353740215 103
1520530832.553491354 58
1520530832.603493690 136
1520530832.703496456 111
1520530832.803498507 121
1520530832.903501511 111
1520530832.953346491 77
1520530833.003408432 176
1520530833.103351593 118
1520530833.203354359 113
1520530833.303357363 125
1520530833.353605747 73
1520530833.403606415 151
1520530833.503609657 79
1520530833.553611517 127
1520530833.653614521 101
1520530833.753617525 77
1520530833.804356098 11
1520530833.854357243 142
1520530833.904359102 118
1520530834.004362345 146
1520530834.104366064 157
1520530834.154367208 238
1520530834.254152775 153
1520530834.354155779 216
1520530834.504159689 225
1520530834.853890419 110
1520530835.053850174 243
1520530835.203854322 264
1520530835.303858280 326
1520530835.453752518 238
1520530835.653759480 254
1520530835.853783607 232
1520530835.953786373 303
1520530836.053789377 312
1520530836.153792620 284
1520530836.253842592 267
1520530836.303844690 318
1520530836.353845835 302
1520530836.453848600 263
1520530836.553852558 256
1520530836.653644085 170
1520530836.753647089 239
1520530836.853649855 218
1520530836.953653097 210
1520530837.053571224 176
1520530837.153575182 210
1520530837.253578186 183
1520530837.353581429 189
1520530837.453924179 81
1520530837.503925085 256
1520530837.603929043 251
1520530837.703931093 275
1520530837.803935051 331
1520530837.854232311 271
1520530838.004141331 254
1520530838.104144335 280
1520530838.204147100 276
1520530838.304105282 241
1520530838.404108286 228
1520530838.504111052 196
1520530838.604115248 198
1520530838.703937292 121
1520530838.803940296 176
1520530838.903944492 183
1520530839.053948402 160
1520530839.103765249 102
1520530839.203769445 147
1520530839.303771496 99
1520530839.403775215 120
1520530839.503781796 117
1520530839.603785038 87
1520530839.653786182 108
1520530839.703788042 105
1520530839.753789902 105
1520530839.803791046 95
1520530839.853792906 72
1520530839.903963327 22
1520530839.953965425 66
1520530840.003966570 64
1520530840.053968430 67
1520530840.103969574 73
1520530840.153971434 69
1520530840.203973293 54
1520530840.253974438 55
1520530840.304033995 44
1520530840.354035139 68
1520530840.404038191 82
1520530840.454039097 99
1520530840.554042101 99
1520530840.654045105 95
1520530840.753756762 62
1520530840.803757906 103
1520530840.903761864 100
1520530841.003764629 101
1520530841.053775787 105
1520530841.153441191 41
1520530841.203443289 105
1520530841.303446293 85
1520530841.403449297 93
1520530841.453451157 102
1520530841.553540707 69
1520530841.603541613 122
1520530841.703545570 59
1520530841.753546476 111
1520530841.853549480 123
1520530841.953866005 90
1520530842.053869724 199
1520530842.203874111 158
1520530842.403806210 161
1520530842.553810120 229
1520530842.703815222 249
1520530842.853920460 226
1520530843.003925562 302
1520530843.153930426 276
1520530843.303977728 313
1520530843.453982830 315
1520530843.603940248 290
1520530843.703944445 320
1520530843.803946495 317
1520530843.903950691 244
1520530843.953951597 325
1520530844.003965139 288
1520530844.053963184 320
1520530844.103965282 323
1520530844.203968287 232
1520530844.304044247 240
1520530844.403861761 187
1520530844.503864765 227
1520530844.653869867 181
1520530844.753872871 200
1520530844.854016781 155
1520530844.954019785 218
1520530845.054023027 218
1520530845.154025793 236
1520530845.204027891 284
1520530845.254548788 60
1520530845.304550648 280
1520530845.404552698 308
1520530845.504555702 292
1520530845.604559898 285
1520530845.654413939 237
1520530845.804417849 227
1520530845.904448748 217
1520530846.004423857 188
1520530846.104297638 177
1520530846.204300880 199
1520530846.304303885 168
1520530846.404306889 189
1520530846.454087734 112
1520530846.554090738 154
1520530846.704095840 127
1520530846.853992462 78
1520530846.903994560 194
1520530847.053999662 100
1520530847.154001713 140
1520530847.254088402 79
1520530847.304090738 113
1520530847.354091406 87
1520530847.404093504 82
1520530847.454094648 78
1520530847.504096508 65
1520530847.554097414 54
1520530847.604099512 71
1520530847.654100418 83
1520530847.704269648 48
1520530847.754270792 101
1520530847.854274511 90
1520530848.004278898 110
1520530848.104164600 75
1520530848.154166460 132
1520530848.254169703 118
1520530848.354172468 129
1520530848.454176426 138
1520530848.503816128 43
1520530848.553818226 127
1520530848.653821230 127
1520530848.753824234 172
1520530848.853827238 148
1520530848.903765440 126
1520530849.003768682 104
1520530849.103771687 89
1520530849.153861523 111
1520530849.253775597 80
1520530849.304012299 49
1520530849.354014397 115
1520530849.454017162 100
1520530849.554020405 139
1520530849.654023409 158
1520530849.754075050 150
1520530849.904080153 170
1520530850.054084063 178
1520530850.304252148 139
1520530850.454256058 239
1520530850.604296923 272
1520530850.704299927 320
1520530850.804302931 355
1520530850.904305935 366
1520530851.004238844 335
1520530851.154244184 275
1520530851.254246950 337
1520530851.354319811 302
1520530851.454323053 304
1520530851.554325819 286
1520530851.654328823 283
1520530851.754292250 218
1520530851.804294109 284
1520530851.854296207 286
1520530851.904297113 311
1520530852.004300356 221
1520530852.104303360 195
1520530852.204151154 168
1520530852.304154158 198
1520530852.404157162 213
1520530852.504159927 209
1520530852.604380131 163
1520530852.704382896 255
1520530852.804386139 268
1520530852.904389143 251
1520530853.004533291 201
1520530853.104536295 266
1520530853.204539299 249
1520530853.304543257 247
1520530853.404341936 140
1520530853.504344940 265
1520530853.654348850 193
1520530853.754352808 195
1520530853.854123116 108
1520530854.004222155 165
1520530854.104130983 138
1520530854.204134226 96
1520530854.254028320 79
1520530854.304029465 193
1520530854.454034328 105
1520530854.554037333 101
1520530854.604039431 96
1520530854.654197931 44
1520530854.704200029 100
1520530854.804203033 82
1520530854.904206038 99
1520530855.004209995 86
1520530855.054454327 48
1520530855.104456425 127
1520530855.204459429 115
1520530855.304462433 119
1520530855.404465437 153
1520530855.454261780 82
1520530855.604308844 124
1520530855.804272652 98
1520530855.853945971 44
1520530855.903946638 144
1520530856.003949881 137
1520530856.103952885 165
1520530856.203956842 170
1520530856.303997993 144
1520530856.404000759 133
1520530856.504003763 115
1520530856.604007006 129
1520530856.704353094 51
1520530856.754354954 188
1520530856.904358864 160
1520530857.004363060 175
1520530857.104498625 154
1520530857.254502773 195
1520530857.404507637 230
1520530857.504649162 185
1520530857.654654264 258
1520530857.804659128 243
1520530857.954693794 298
1520530858.154700041 258
1520530858.254702806 356
1520530858.354578018 272
1520530858.454581022 324
1520530858.554583788 292
1520530858.654592037 304
1520530858.754607916 335
1520530858.854706764 334
1520530859.004615784 254
1520530859.154594898 282
1520530859.254597902 264
1520530859.354600906 258
1520530859.454603672 255
1520530859.554533005 194
1520530859.654536009 207
1520530859.704538107 232
1520530859.804542065 205
1520530859.904544115 233
1520530860.004869699 135
1520530860.154873610 241
1520530860.304878473 244
1520530860.355013609 292
1520530860.455060720 318
1520530860.555019617 290
1520530860.655023575 275
1520530860.754849911 202
1520530860.854852915 220
1520530860.954855919 265
1520530861.054858685 199
1520530861.204705715 119
1520530861.304708958 248
1520530861.404711962 205
1520530861.504714966 188
1520530861.604568005 77
1520530861.654568911 212
1520530861.754571915 164
1520530861.854575157 96
1520530861.904577017 87
1520530861.954577923 103
1520530862.004641056 91
1520530862.054642200 119
1520530862.204647064 85
1520530862.254649162 133
1520530862.404806614 72
1520530862.454808474 172
1520530862.654814720 141
1520530862.754817486 149
1520530862.804625988 80
1520530862.854626894 153
1520530862.954629898 114
1520530863.054633617 103
1520530863.154636860 97
1520530863.204078913 25
1520530863.254079819 91
1520530863.354083776 94
1520530863.454085588 124
1520530863.504087925 128
1520530863.554088593 137
1520530863.604090691 157
1520530863.653908968 62
1520530863.704003811 150
1520530863.753911734 137
1520530863.803914070 139
1520530863.903916836 119
1520530864.003919840 104
1520530864.054670811 348
1520530864.154673815 196
1520530864.204676151 289
1520530864.254677057 271
1520530864.304678917 263
1520530864.404681921 183
1520530864.505243540 92
1520530864.555244446 220
1520530864.605246782 210
1520530864.655248642 223
1520530864.755251646 148
1520530864.854247332 14
1520530864.904249668 184
1520530865.004252434 155
1520530865.054254532 162
1520530865.104255438 178
1520530865.154261589 170
1520530865.204258442 175
1520530865.253918886 12
1520530865.303959131 112
1520530865.353922844 124
1520530865.403923988 144
1520530865.453925848 149
1520530865.503926992 156
1520530865.553928852 132
1520530865.603929758 172
1520530865.653932095 174
1520530865.704600573 203
1520530865.754602671 257
1520530865.804604769 272
1520530865.854605675 224
1520530865.904607773 194
1520530865.954608679 160
1520530866.004610538 131
1520530866.054612637 128
1520530866.105678082 171
1520530866.155680180 125
1520530866.205681086 118
1520530866.255683422 112
1520530866.305685282 103
1520530866.355687141 137
1520530866.405688286 182
1520530866.455689192 209
1520530866.504818439 53
1520530866.554819345 126
1520530866.604821205 147
1520530866.654822350 123
1520530866.704824209 117
1520530866.754826307 110
1520530866.804827452 132
1520530866.854828358 156
1520530866.903951168 107
1520530866.953953266 68
1520530867.003954172 109
1520530867.053956032 79
1520530867.103957176 99
1520530867.153959274 95
1520530867.203960419 132
1520530867.253962278 127
1520530867.304045200 108
1520530867.354047298 150
1520530867.404049158 169
1520530867.504052162 174
1520530867.604055405 216
1520530867.705262184 129
1520530867.755264282 183
1520530867.805265188 257
1520530867.855267048 219
1520530867.905269146 200
1520530867.955270052 175
1520530868.005272150 164
1520530868.055273294 156
1520530868.105275154 146
1520530868.154267550 10
1520530868.204268456 134
1520530868.254269600 157
1520530868.304271698 173
1520530868.354272604 189
1520530868.404274702 200
1520530868.454276562 226
1520530868.504277468 204
1520530868.554019928 11
1520530868.603940964 70
1520530868.653942823 74
1520530868.703943729 107
1520530868.753945827 102
1520530868.803946733 85
1520530868.853948593 67
1520530868.903949738 58
1520530868.954710007 128
1520530869.004712105 98
1520530869.054713011 110
1520530869.104715109 98
1520530869.154716253 87
1520530869.204718113 79
1520530869.254719019 74
1520530869.304721117 87
1520530869.355246305 20
1520530869.405247211 80
1520530869.455249071 126
1520530869.505250216 136
1520530869.555252314 132
1520530869.605253220 154
1520530869.655255318 148
1520530869.705257177 144
1520530869.754108667 67
1520530869.804110527 70
1520530869.854111671 86
1520530869.954115629 120
1520530870.054117680 127
1520530870.153995752 83
1520530870.203977823 155
1520530870.253979683 136
1520530870.303980827 128
1520530870.353982687 109
1520530870.403983593 102
1520530870.453985691 102
1520530870.503986597 103
1520530870.604328632 44
1520530870.654329538 74
1520530870.704331636 200
1520530870.754332781 169
1520530870.804334641 165
1520530870.854335546 117
1520530870.904337645 111
1520530870.954338551 126
1520530871.005245209 195
1520530871.055247068 186
1520530871.155250072 221
1520530871.255253315 208
1520530871.305255175 179
1520530871.355257034 144
1520530871.404156685 64
1520530871.454157829 39
1520530871.504159689 66
1520530871.554161549 100
1520530871.604162931 109
1520530871.654163599 148
1520530871.704165936 192
1520530871.904377699 67
1520530871.954379559 92
1520530872.004380703 89
1520530872.054382563 72
1520530872.104383469 105
1520530872.154385567 142
1520530872.204461336 142
1520530872.254462242 201
1520530872.304464102 212
1520530872.404467106 196
1520530872.504470348 163
1520530872.554471254 165
1520530872.604473114 131
1520530872.654145956 34
1520530872.704148054 116
1520530872.804151058 94
1520530872.904153109 80
1520530872.954155922 122
1520530873.004157066 115
1520530873.054336071 49
1520530873.104337931 146
1520530873.154339075 132
1520530873.204340935 166
1520530873.254342079 176
1520530873.354346037 124
1520530873.454876423 79
1520530873.504877329 85
1520530873.554879189 182
1520530873.604880333 211
1520530873.654882193 194
1520530873.704883337 173
1520530873.754885435 195
1520530873.804887295 195
1520530873.854907036 180
1520530873.904909372 214
1520530873.954910278 190
1520530874.004912138 169
1520530874.054913282 172
1520530874.104915142 176
1520530874.204918385 160
1520530874.254431486 51
1520530874.304432392 152
1520530874.454437494 150
1520530874.554441452 164
1520530874.654208660 60
1520530874.704210758 144
1520530874.854215622 113
1520530875.054221869 115
1520530875.304340839 94
1520530875.454345703 124
