1520530731.450020313 104
1520530732.700067282 166
1520530735.900184393 273
1520530736.250198126 338
1520530736.500248909 336
1520530736.700254679 426
1520530736.900250196 384
1520530737.100257397 433
1520530737.350260735 410
1520530737.550266981 379
1520530737.700183392 339
1520530737.800186157 475
1520530737.950191021 419
1520530738.050194263 487
1520530738.150314808 271
1520530738.250403643 437
1520530738.400316715 378
1520530738.500566959 185
1520530738.600570202 361
1520530738.700572968 353
1520530738.800575972 315
1520530738.900221348 51
1520530738.950223684 255
1520530739.100227594 215
1520530739.300234556 215
1520530739.500123739 177
1520530739.650128603 265
1520530740.000319004 130
1520530740.100322008 248
1520530740.200483322 212
1520530740.350487232 313
1520530740.450489998 343
1520530740.550278187 149
1520530740.650281906 295
1520530740.750285149 296
1520530740.900290012 308
1520530741.000432730 199
1520530741.100435734 321
1520530741.200438499 242
1520530741.300441504 229
1520530741.400638103 169
1520530741.600644112 317
1520530741.750648975 292
1520530742.000470161 169
1520530742.150475264 370
1520530742.300341129 183
1520530742.600603819 120
1520530742.700606823 308
1520530742.800609827 271
1520530742.900612831 289
1520530743.000436783 227
1520530743.200442553 370
1520530743.300445795 344
1520530743.400276661 152
1520530743.500279903 294
1520530743.600282907 313
1520530743.851239920 165
1520530743.951242685 156
1520530744.051246881 421
1520530744.151248932 433
1520530744.301206112 388
1520530744.401209116 417
1520530744.501211882 375
1520530744.601214886 367
1520530744.700966120 198
1520530744.800969124 300
1520530744.900972366 318
1520530745.000976086 324
1520530745.101080179 263
1520530745.201083183 341
1520530745.301086187 316
1520530745.351088047 356
1520530745.401088953 357
1520530745.451043129 314
1520530745.551045895 299
1520530745.651048899 281
1520530745.751053095 372
1520530745.850826025 191
1520530745.950829983 325
1520530746.000830889 310
1520530746.050833225 331
1520530746.100834131 296
1520530746.150839090 319
1520530746.200837135 363
1520530746.250910282 383
1520530746.300487280 39
1520530746.350489140 212
1520530746.400490284 243
1520530746.450492144 260
1520530746.500493288 275
1520530746.600497246 252
1520530746.700510263 230
1520530746.800513268 248
1520530746.850514174 275
1520530746.900516272 272
1520530746.950518370 284
1520530747.000519276 278
1520530747.050521374 271
1520530747.100689173 139
1520530747.150691271 210
1520530747.200693130 238
1520530747.250695229 310
1520530747.300696373 287
1520530747.400699139 264
1520530747.501333475 45
1520530747.551335335 359
1520530747.601336479 310
1520530747.651339531 298
1520530747.701339483 258
1520530747.751341581 264
1520530747.801342487 263
1520530747.851408482 298
1520530747.901266336 312
1520530747.951268673 336
1520530748.001269579 354
1520530748.051271439 363
1520530748.101272583 368
1520530748.151274443 369
1520530748.201276302 386
1520530748.251277685 473
1520530748.300789595 111
1520530748.400792360 320
1520530748.500795364 288
1520530748.600798368 269
1520530748.650800467 344
1520530748.700801611 353
1520530748.750571012 161
1520530748.800571918 240
1520530748.850573778 227
1520530748.900576115 206
1520530748.950576782 228
1520530749.000578880 285
1520530749.100584984 249
1520530749.250924587 84
1520530749.350927591 352
1520530749.450988531 215
1520530749.500932693 173
1520530749.551299334 44
1520530749.601300240 170
1520530749.651302338 186
1520530749.701303244 252
1520530749.751305103 366
1520530749.801307440 409
1520530749.851308346 479
1520530749.901310205 484
1520530750.001000643 179
1520530750.101003885 227
1520530750.201006889 227
1520530750.251008749 263
1520530750.301009893 219
1520530750.350639105 46
1520530750.400640965 183
1520530750.500644207 218
1520530750.600647211 270
1520530750.700654030 314
1520530750.800614834 310
1520530750.900618076 271
1520530750.950618982 282
1520530751.000621080 315
1520530751.050668955 280
1520530751.100623846 262
1520530751.150625944 272
1520530751.201260090 277
1520530751.251261950 186
1520530751.301262856 297
1520530751.351264954 357
1520530751.401267052 367
1520530751.451268196 452
1520530751.501270056 501
1520530751.601708174 165
1520530751.701711178 315
1520530751.801714182 235
1520530751.851716042 293
1520530751.901717186 336
1520530751.951719284 344
1520530752.001096249 32
1520530752.051097155 220
1520530752.151101112 256
1520530752.251103163 298
1520530752.351107121 270
1520530752.401229382 199
1520530752.501233339 213
1520530752.551233530 239
1520530752.601235390 259
1520530752.651273489 243
1520530752.701238632 279
1520530752.751240492 316
1520530752.801898479 32
1520530752.851900339 272
1520530752.901901484 415
1520530752.951903582 452
1520530753.001905441 453
1520530753.051906586 457
1520530753.101908445 379
1520530753.151909351 331
1520530753.201911449 246
1520530753.251553535 108
1520530753.301555634 191
1520530753.351556540 175
1520530753.401558638 173
1520530753.451560736 171
1520530753.501561642 210
1520530753.551563501 227
1520530753.601565599 272
1520530753.651035309 29
1520530753.701037407 245
1520530753.851041555 265
1520530754.051765203 21
1520530754.101767063 378
1520530754.751729488 206
1520530754.901700974 327
1520530755.001703739 388
1520530755.101706743 299
1520530755.201710939 256
1520530755.251591444 268
1520530755.351593256 284
1520530755.451596260 260
1520530755.551599264 249
1520530755.651602507 222
1520530755.751247644 86
1520530755.851266623 216
1520530755.951254606 193
1520530756.051257610 182
1520530756.151241302 144
1520530756.251244068 151
1520530756.351247072 106
1520530756.401248932 73
1520530756.451250076 54
1520530756.501374722 37
1520530756.551376820 102
1520530756.601377726 77
1520530756.651379824 82
1520530756.701380968 96
1520530756.751382828 83
1520530756.801383972 95
1520530756.901524305 48
1520530756.951526165 91
1520530757.051529169 90
1520530757.151530981 93
1520530757.251533985 117
1520530757.301300287 60
1520530757.351301432 124
1520530757.451311350 107
1520530757.551308393 108
1520530757.651311398 150
1520530757.751027346 44
1520530757.801029444 183
1520530757.951033354 123
1520530758.051036358 202
1520530758.151144505 96
1520530758.251148224 131
1520530758.351151466 137
1520530758.451154470 135
1520530758.551586628 56
1520530758.601588726 181
1520530758.701591492 224
1520530758.801594734 285
1520530758.951488256 179
1520530759.101492167 237
1520530759.251497269 220
1520530759.501669407 144
1520530759.651673317 247
1520530759.801604271 234
1520530760.001610279 266
1520530760.151616335 328
1520530760.301537991 278
1520530760.401541233 330
1520530760.501544237 306
1520530760.601489305 306
1520530760.701492548 304
1520530760.801495552 301
1520530760.901498318 354
1520530761.001376867 273
1520530761.201382875 269
1520530761.301385880 288
1520530761.401249647 192
1520530761.501252651 215
1520530761.601256371 219
1520530761.701259613 271
1520530761.801129580 156
1520530761.901133537 269
1520530762.051136494 245
1520530762.201313734 177
1520530762.301316977 294
1520530762.401319742 277
1520530762.501322746 263
1520530762.601326942 255
1520530762.701532841 176
1520530762.801536083 236
1520530762.901539087 213
1520530763.001541853 255
1520530763.151561975 224
1520530763.351568222 209
1520530763.501562357 191
1520530763.651566267 167
1520530763.801571369 137
1520530763.851452351 104
1520530763.951455116 166
1520530764.101459265 105
1520530764.201463223 133
1520530764.301483154 144
1520530764.451487303 89
1520530764.501489162 134
1520530764.601492167 72
1520530764.651494026 79
1520530764.701715469 17
1520530764.751717329 47
1520530764.801719189 46
1520530764.851720333 68
1520530764.901721239 84
1520530764.951724291 101
1520530765.051727295 84
1520530765.151765347 97
1520530765.301771164 92
1520530765.451774120 98
1520530765.501667500 59
1520530765.551565647 116
1520530765.701569557 90
1520530765.801573515 123
1520530765.901345491 42
1520530765.951346397 116
1520530766.051349401 118
1520530766.151352644 154
1520530766.251356363 136
1520530766.351373672 130
1520530766.501378536 104
1520530766.601381302 159
1520530766.701833963 39
1520530766.751835823 229
1520530766.851839066 206
1520530766.951842070 214
1520530767.051844835 220
1520530767.151878357 246
1520530767.251881361 295
1520530767.351884365 275
1520530767.701862097 150
1520530767.951935530 171
1520530768.201943636 199
1520530768.401886702 217
1520530768.601892948 275
1520530768.901814461 167
1520530769.051819563 293
1520530769.151822567 304
1520530769.251871347 299
1520530769.351875305 291
1520530769.451878309 304
1520530769.551881313 298
1520530769.651851416 333
1520530769.851858616 307
1520530769.951861858 356
1520530770.051661491 218
1520530770.151665688 276
1520530770.251668453 255
1520530770.351671457 241
1520530770.451533794 165
1520530770.551536798 245
1520530770.651540041 232
1520530770.801611423 218
1520530771.001617432 254
1520530771.101620436 275
1520530771.201895714 160
1520530771.301899672 303
1520530771.401902676 263
1520530771.501905680 250
1520530771.601908684 249
1520530771.701879978 220
1520530771.851885080 243
1520530772.051866770 214
1520530772.201871872 190
1520530772.301874638 229
1520530772.451787233 92
1520530772.551790237 175
1520530772.701795340 132
1520530772.851710320 75
1520530772.901712418 172
1520530773.051716328 91
1520530773.151720285 146
1520530773.251870155 71
1520530773.301871300 174
1520530773.401874542 76
1520530773.451876402 88
1520530773.501919270 72
1520530773.551879406 74
1520530773.601880312 53
1520530773.651882172 37
1520530773.701948404 47
1520530773.751950264 81
1520530773.801952362 80
1520530773.851953506 98
1520530773.951956511 85
1520530774.001958370 117
1520530774.201987505 81
1520530774.251989603 115
1520530774.451995373 89
1520530774.501791954 58
1520530774.551794291 112
1520530774.651797056 88
1520530774.751800060 110
1520530774.851803064 145
1520530774.901629925 85
1520530775.001632690 183
1520530775.201638937 113
1520530775.301808119 91
1520530775.401811123 166
1520530775.501814127 119
1520530775.601817131 185
1520530775.702431679 19
1520530775.752434015 266
1520530775.852437019 201
1520530775.952439785 219
1520530776.052442789 256
1520530776.252286434 176
1520530776.452292442 265
1520530776.652305365 213
1520530776.802310467 256
1520530776.952342272 228
1520530777.152348042 252
1520530777.452226162 156
1520530777.652232170 238
1520530777.802134275 263
1520530777.902137041 341
1520530778.002140045 312
1520530778.102143288 332
1520530778.202196598 334
1520530778.302200556 330
1520530778.452204466 309
1520530778.602252245 289
1520530778.702255011 318
1520530778.802258253 274
1520530778.902261257 304
1520530779.002046347 204
1520530779.052048683 340
1520530779.102049589 317
1520530779.152051449 315
1520530779.252054453 225
1520530779.352058649 269
1520530779.451860666 159
1520530779.701868534 216
1520530779.802151203 128
1520530779.902155161 286
1520530780.002157211 258
1520530780.102160215 262
1520530780.202292681 223
1520530780.302295446 245
1520530780.452299833 229
1520530780.652139425 155
1520530780.852145672 238
1520530781.002150774 183
1520530781.102166414 217
1520530781.252170563 139
1520530781.352173567 186
1520530781.452058554 115
1520530781.602062702 156
1520530781.752067566 128
1520530781.902038813 128
1520530782.052042723 115
1520530782.152045727 88
1520530782.202047825 87
1520530782.252168655 44
1520530782.302169561 73
1520530782.352171421 74
1520530782.402172565 87
1520530782.502176523 87
1520530782.602179527 87
1520530782.652289391 92
1520530782.752292395 113
1520530782.952298164 84
1520530783.052301407 123
1520530783.102149963 66
1520530783.152151823 107
1520530783.302155733 87
1520530783.402159929 117
1520530783.501915693 52
1520530783.551916599 111
1520530783.651919603 112
1520530783.751923800 161
1520530783.901875496 95
1520530784.001878500 189
1520530784.101882458 143
1520530784.201885462 132
1520530784.302434206 14
1520530784.352436304 189
1520530784.452439308 185
1520530784.552441120 196
1520530784.652445078 178
1520530784.702521563 259
1520530784.802524567 271
1520530784.902527809 289
1520530785.252407789 116
1520530785.452414751 224
1520530785.652472258 184
1520530785.852478504 198
1520530786.152446747 188
1520530786.452354670 179
1520530786.552357674 284
1520530786.652360439 288
1520530786.752382517 321
1520530786.852385521 318
1520530786.952388287 315
1520530787.052392483 291
1520530787.152462959 310
1520530787.302467823 255
1520530787.402470827 276
1520530787.502474785 299
1520530787.602204561 200
1520530787.702207565 278
1520530787.802210569 258
1520530787.902213573 239
1520530788.002069950 147
1520530788.102072716 213
1520530788.202076912 239
1520530788.352080822 216
1520530788.452167749 214
1520530788.552171469 286
1520530788.652174473 276
1520530788.752177715 269
1520530788.852200985 282
1520530788.952204943 273
1520530789.052208185 236
1520530789.202288151 177
1520530789.352293015 234
1520530789.502297163 206
1520530789.652355909 204
1520530789.802360773 178
1520530789.902364016 176
1520530790.052260160 87
1520530790.102262020 195
1520530790.202265024 134
1520530790.302268267 119
1520530790.402271986 130
1520530790.552263498 90
1520530790.602265596 130
1520530790.702268362 105
1520530790.802271605 108
1520530790.852422714 57
1520530790.902427673 108
1520530790.952425718 79
1520530791.002427578 54
1520530791.052428484 61
1520530791.102429628 44
1520530791.152455568 54
1520530791.202432871 74
1520530791.252573013 46
1520530791.302574158 100
1520530791.402577877 94
1520530791.552582026 106
1520530791.652470827 72
1520530791.702472687 119
1520530791.852477789 92
1520530792.002482653 106
1520530792.102171183 42
1520530792.152172089 126
1520530792.252176046 121
1520530792.352179289 185
1520530792.452182055 220
1520530792.502040386 102
1520530792.652044296 192
1520530792.802048445 114
1520530792.902247906 64
1520530792.952249765 183
1520530793.052253008 160
1520530793.152256012 188
1520530793.252259016 187
1520530793.302666664 79
1520530793.402669668 200
1520530793.502672672 240
1520530793.652677536 258
1520530793.802592754 185
1520530794.052604914 188
1520530794.252652645 176
1520530794.452658415 223
1520530794.602677822 259
1520530794.802683830 271
1520530795.002674103 272
1520530795.202680111 284
1520530795.352701664 278
1520530795.452705860 351
1520530795.552708864 325
1520530795.652710915 318
1520530795.752690315 299
1520530795.852694511 290
1520530795.952699423 305
1520530796.052700520 304
1520530796.152534246 251
1520530796.252537251 302
1520530796.352540493 268
1520530796.452543497 217
1520530796.552486181 187
1520530796.652489901 207
1520530796.752493143 194
1520530796.852496147 248
1520530796.952499151 294
1520530797.052633524 211
1520530797.152636766 311
1520530797.302641630 290
1520530797.402760029 245
1520530797.502762079 257
1520530797.652766943 238
1520530797.752769947 307
1520530797.852644205 183
1520530797.952647209 255
1520530798.102652073 232
1520530798.252506733 159
1520530798.402510643 238
1520530798.552515507 214
1520530798.702417612 127
1520530798.852422714 185
1520530798.952425718 175
1520530799.052339315 115
1520530799.202422380 138
1520530799.352348089 80
1520530799.402350426 117
1520530799.452410460 73
1520530799.502412558 89
1520530799.602415323 74
1520530799.652416468 96
1520530799.802421570 73
1520530799.852662325 59
1520530799.902663231 107
1520530800.052668095 94
1520530800.202673197 104
1520530800.302767038 90
1520530800.452771187 109
1520530800.602776051 123
1520530800.652460575 71
1520530800.702461481 146
1520530800.852466345 113
1520530800.952469587 119
1520530801.052102566 45
1520530801.102104664 123
1520530801.202107668 112
1520530801.302110672 125
1520530801.402113676 114
1520530801.502018929 71
1520530801.552020788 135
1520530801.702024698 109
1520530801.852030754 119
1520530801.902304411 70
1520530801.952305317 193
1520530802.102309465 144
1520530802.252314568 168
1520530802.352573395 155
1520530802.502577305 234
1520530802.702605009 205
1520530803.052616119 183
1520530803.252768993 209
1520530803.452775240 253
1520530803.702926159 197
1520530803.852931023 299
1520530804.052784204 228
1520530804.152787209 344
1520530804.252790213 332
1520530804.352735758 276
1520530804.452738762 260
1520530804.552742004 295
1520530804.652745724 283
1520530804.752780199 293
1520530804.852783442 307
1520530804.952786207 274
1520530805.052790165 280
1520530805.152562380 133
1520530805.252565622 215
1520530805.352569342 213
1520530805.452572346 215
1520530805.552534580 178
1520530805.652537584 239
1520530805.752540588 259
1520530805.902545691 266
1520530806.002724409 198
1520530806.152729273 335
1520530806.252732277 303
1520530806.352735281 306
1520530806.452899694 200
1520530806.552903414 283
1520530806.652906418 235
1520530806.752908468 240
1520530806.853026867 194
1520530807.003031731 201
1520530807.103034973 193
1520530807.252840996 91
1520530807.402845860 161
1520530807.502849102 151
1520530807.602721453 95
1520530807.702724695 155
1520530807.802727699 111
1520530807.902730703 99
1520530807.952732563 131
1520530808.002812386 76
1520530808.052814245 109
1520530808.102815390 99
1520530808.152818441 59
1520530808.202819347 56
1520530808.252820492 69
1520530808.302822351 74
1520530808.352824211 84
1520530808.402826548 85
1520530808.452991009 50
1520530808.502992153 109
1520530808.652999163 83
1520530808.753000259 109
1520530808.852989435 85
1520530808.952900410 113
1520530809.102905273 103
1520530809.252622604 43
1520530809.302624464 127
1520530809.452629566 88
1520530809.502630711 187
1520530809.602633476 94
1520530809.702635765 133
1520530809.802638769 136
1520530809.902641773 108
1520530810.002644777 117
1520530810.053197622 22
1520530810.103198528 153
1520530810.203201532 100
1520530810.303205729 118
1520530810.403207779 155
1520530810.453339100 197
1520530810.553277254 198
1520530810.653280258 206
1520530810.753283262 204
1520530810.903261662 175
1520530811.003264666 251
1520530811.153269768 225
1520530811.303123474 205
1520530811.503130436 253
1520530811.703139067 256
1520530811.853144169 319
1520530811.953147173 354
1520530812.103106022 264
1520530812.203110218 345
1520530812.303113222 313
1520530812.453117132 283
1520530812.553179026 336
1520530812.703184128 268
1520530812.803188324 312
1520530812.903190374 255
1520530813.003083229 251
1520530813.103086233 297
1520530813.203089476 228
1520530813.303093195 219
1520530813.402869463 139
1520530813.502872467 219
1520530813.652886629 187
1520530813.802880287 190
1520530813.902883291 246
1520530814.002886295 253
1520530814.102889299 277
1520530814.153383255 31
1520530814.203385115 344
1520530814.303388119 294
1520530814.403392076 263
1520530814.503394127 241
1520530814.603367329 245
1520530814.703370571 255
1520530814.803373337 257
1520530814.953189135 109
1520530815.053189039 214
1520530815.153192282 183
1520530815.253195286 203
1520530815.403064489 55
1520530815.453065395 155
1520530815.553068638 118
1520530815.653071642 153
1520530815.753074646 131
1520530815.853068113 101
1520530815.903069258 149
1520530816.003072262 85
1520530816.053074121 123
1520530816.103075027 90
1520530816.153077364 62
1520530816.203195095 28
1520530816.253196239 46
1520530816.303198099 40
1520530816.353200197 48
1520530816.403201342 44
1520530816.453202248 43
1520530816.503205061 49
1520530816.553205252 62
1520530816.603259802 84
1520530816.653261900 88
1520530816.753264904 74
1520530816.803265810 135
1520530816.953270674 85
1520530817.002976418 43
1520530817.052977562 115
1520530817.202982664 89
1520530817.302985430 123
1520530817.402988434 101
1520530817.452914715 103
1520530817.552917719 115
1520530817.602919579 145
1520530817.702921629 94
1520530817.752923727 122
1520530817.853491545 15
1520530817.903492689 125
1520530818.003496408 82
1520530818.053497553 101
1520530818.103499413 101
1520530818.203501463 107
1520530818.253752947 107
1520530818.353755951 163
1520530818.453758955 196
1520530818.553761721 205
1520530818.653602362 146
1520530818.753605366 195
1520530818.903610468 220
1520530819.203458548 150
1520530819.453362465 181
1520530819.603366375 285
1520530819.703369379 325
1520530819.803372622 338
1520530819.903324604 288
1520530820.003327847 318
1520530820.103371859 323
1520530820.253335714 284
1520530820.353467703 269
1520530820.453470469 280
1520530820.553473473 271
1520530820.653477669 264
1520530820.753378868 245
1520530820.853381872 230
1520530820.903382778 283
1520530820.953384638 260
1520530821.053388834 236
1520530821.153219938 142
1520530821.303223848 185
1520530821.453228712 180
1520530821.603487253 129
1520530821.703495264 242
1520530821.803493023 285
1520530821.903496265 263
1520530821.953847647 157
1520530822.053850651 278
1520530822.153853655 273
1520530822.253857613 286
1520530822.353642702 205
1520530822.503646612 262
1520530822.653652668 226
1520530822.753499985 161
1520530822.903504848 200
1520530823.003507853 183
1520530823.103511095 190
1520530823.153322220 106
1520530823.253325224 180
1520530823.403330326 134
1520530823.553307533 115
1520530823.703312635 115
1520530823.853317738 107
1520530823.953421116 57
1520530824.003422022 115
1520530824.053424120 93
1520530824.103425980 72
1520530824.153426886 68
1520530824.203429222 74
1520530824.253430128 81
1520530824.303431988 100
1520530824.403522968 72
1520530824.453525066 99
1520530824.553528070 99
1520530824.653530836 97
1520530824.753535986 105
1520530824.803378105 88
1520530824.903381109 120
1520530825.003384113 122
1520530825.153388023 113
1520530825.203181982 78
1520530825.253183126 158
1520530825.353186131 130
1520530825.453190088 123
1520530825.553193331 121
1520530825.653214931 122
1520530825.753217936 126
1520530825.853221178 98
1520530825.953224897 92
1520530826.003935575 114
1520530826.053935289 46
1520530826.103938341 87
1520530826.153939486 112
1520530826.253942251 112
1520530826.353945255 137
1520530826.404023409 193
1520530826.504024982 182
1520530826.604029179 230
1520530826.754033089 249
1520530826.903660774 145
1520530827.103667021 238
1520530827.253637075 220
1520530827.403642178 269
1520530827.503645182 327
1520530827.603647947 376
1520530827.753596067 233
1520530827.853599310 330
1520530827.953602076 325
1520530828.103574038 224
1520530828.203577995 301
1520530828.303580999 280
1520530828.403584003 271
1520530828.503459930 208
1520530828.603462934 223
1520530828.703465939 245
1520530828.803468704 202
1520530828.903293371 146
1520530829.003296137 208
1520530829.103299379 181
1520530829.253304243 180
1520530829.353631020 87
1520530829.403632164 262
1520530829.503634930 252
1520530829.603639126 260
1520530829.653640032 340
1520530829.704049587 95
1520530829.804053545 279
1520530829.904056549 248
1520530830.004059553 242
1520530830.103815317 165
1520530830.203818321 239
1520530830.353823185 184
1520530830.453826189 221
1520530830.553617954 108
1520530830.653620720 188
1520530830.753624916 147
1520530830.853627920 123
1520530830.903462410 82
1520530830.953464270 183
1520530831.103468180 108
1520530831.203472376 132
1520530831.303475380 110
1520530831.403623819 90
1520530831.453526974 141
1520530831.553530216 58
1520530831.603532076 74
1520530831.653533220 49
1520530831.703535080 55
1520530831.753732681 27
1520530831.803734541 74
1520530831.853736639 81
1520530831.903737545 92
1520530831.953739405 102
1520530832.053742647 85
1520530832.153733492 78
1520530832.203735352 100
1520530832.303738356 105
1520530832.453743458 93
1520530832.553491354 68
1520530832.603493690 137
1520530832.753497601 94
1520530832.853500366 125
1520530832.953346491 67
1520530833.003408432 170
1520530833.103351593 105
1520530833.203354359 109
1520530833.303357363 125
1520530833.353605747 68
1520530833.403606415 148
1520530833.503609657 92
1520530833.603613377 108
1520530833.703615427 87
1520530833.753617525 92
1520530833.804356098 13
1520530833.854357243 100
1520530833.954361200 115
1520530834.054364204 136
1520530834.154367208 176
1520530834.204151869 152
1520530834.304154634 193
1520530834.404156685 227
1520530834.603904486 160
1520530834.953893423 163
1520530835.103851318 223
1520530835.253856182 282
1520530835.353859425 333
1520530835.503754377 249
1520530835.653759480 265
1520530835.803792238 252
1520530835.903788567 309
1520530836.003787518 312
1520530836.103791475 285
1520530836.203794479 280
1520530836.253842592 340
1520530836.353845835 251
1520530836.453848600 250
1520530836.553852558 247
1520530836.653644085 155
1520530836.753647089 218
1520530836.853649855 219
1520530836.953653097 186
1520530837.053571224 174
1520530837.153575182 204
1520530837.253578186 179
1520530837.353581429 186
1520530837.453924179 82
1520530837.503925085 257
1520530837.603929043 256
1520530837.703931093 276
1520530837.803935051 318
1520530837.854232311 270
1520530838.004141331 266
1520530838.104144335 277
1520530838.204147100 260
1520530838.304105282 241
1520530838.404108286 224
1520530838.504111052 199
1520530838.604115248 200
1520530838.703937292 124
1520530838.803940296 181
1520530838.903944492 191
1520530839.053948402 163
1520530839.103765249 93
1520530839.203769445 145
1520530839.303771496 100
1520530839.403775215 125
1520530839.503781796 122
1520530839.603785038 91
1520530839.653786182 112
1520530839.703788042 114
1520530839.803791046 64
1520530839.853792906 84
1520530839.903963327 22
1520530839.953965425 60
1520530840.003966570 55
1520530840.053968430 65
1520530840.103969574 71
1520530840.153971434 66
1520530840.203973293 52
1520530840.253974438 56
1520530840.304033995 53
1520530840.354035139 62
1520530840.404038191 74
1520530840.454039097 96
1520530840.554042101 89
1520530840.654045105 91
1520530840.753756762 64
1520530840.803757906 104
1520530840.903761864 92
1520530841.003764629 105
1520530841.053775787 107
1520530841.153441191 43
1520530841.203443289 106
1520530841.303446293 90
1520530841.403449297 101
1520530841.503452301 85
1520530841.553540707 82
1520530841.603541613 132
1520530841.703545570 58
1520530841.753546476 112
1520530841.853549480 118
1520530841.953866005 84
1520530842.053869724 190
1520530842.203874111 168
1520530842.403806210 163
1520530842.553810120 221
1520530842.703815222 234
1520530842.853920460 225
1520530843.003925562 295
1520530843.153930426 278
1520530843.303977728 318
1520530843.403981686 343
1520530843.553985834 297
1520530843.653942585 289
1520530843.753945351 326
1520530843.853949547 302
1520530843.953951597 238
1520530844.003965139 268
1520530844.053963184 297
1520530844.103965282 317
1520530844.203968287 225
1520530844.304044247 249
1520530844.403861761 194
1520530844.503864765 226
1520530844.653869867 182
1520530844.753872871 202
1520530844.854016781 157
1520530844.954019785 207
1520530845.054023027 215
1520530845.154025793 245
1520530845.204027891 293
1520530845.254548788 58
1520530845.304550648 280
1520530845.404552698 301
1520530845.504555702 296
1520530845.604559898 285
1520530845.654413939 242
1520530845.804417849 237
1520530845.904448748 225
1520530846.004423857 194
1520530846.104297638 166
1520530846.204300880 191
1520530846.304303885 162
1520530846.404306889 189
1520530846.454087734 113
1520530846.554090738 149
1520530846.704095840 132
1520530846.853992462 83
1520530846.953995466 167
1520530847.053999662 125
1520530847.154001713 133
1520530847.254088402 82
1520530847.304090738 114
1520530847.354091406 89
1520530847.404093504 90
1520530847.454094648 81
1520530847.504096508 73
1520530847.554097414 56
1520530847.604099512 72
1520530847.654100418 81
1520530847.704269648 52
1520530847.754270792 102
1520530847.854274511 88
1520530847.954277515 100
1520530848.054280758 112
1520530848.104164600 89
1520530848.204168558 112
1520530848.304171562 121
1520530848.404174566 130
1520530848.503816128 43
1520530848.553818226 126
1520530848.653821230 123
1520530848.753824234 178
1520530848.853827238 141
1520530848.903765440 131
1520530849.003768682 105
1520530849.103771687 87
1520530849.153861523 109
1520530849.253775597 80
1520530849.304012299 48
1520530849.354014397 108
1520530849.454017162 97
1520530849.554020405 147
1520530849.654023409 155
1520530849.754075050 160
1520530849.904080153 182
1520530850.054084063 197
1520530850.354254007 130
1520530850.504258156 259
1520530850.654297829 268
1520530850.754339933 346
1520530850.854304075 360
1520530850.954236984 342
1520530851.104241848 305
1520530851.204245090 332
1520530851.354319811 279
1520530851.454323053 317
1520530851.554325819 285
1520530851.654328823 267
1520530851.754292250 221
1520530851.804294109 288
1520530851.854296207 293
1520530851.904297113 320
1520530852.004300356 217
1520530852.054301262 249
1520530852.154304266 226
1520530852.254152298 166
1520530852.354155064 232
1520530852.454158068 213
1520530852.554161072 226
1520530852.654381990 165
1520530852.754385233 245
1520530852.854387999 282
1520530852.954391003 266
1520530853.004533291 245
1520530853.104536295 277
1520530853.204539299 240
1520530853.304543257 276
1520530853.404341936 146
1520530853.504344940 263
1520530853.654348850 185
1520530853.754352808 191
1520530853.854123116 100
1520530854.004222155 164
1520530854.104130983 138
1520530854.204134226 97
1520530854.254028320 74
1520530854.304029465 189
1520530854.454034328 97
1520530854.554037333 99
1520530854.604039431 93
1520530854.654197931 43
1520530854.704200029 97
1520530854.804203033 95
1520530854.954207897 83
1520530855.004209995 106
1520530855.054454327 41
1520530855.104456425 124
1520530855.204459429 108
1520530855.304462433 116
1520530855.404465437 147
1520530855.454261780 81
1520530855.504263639 140
1520530855.704269648 97
1520530855.853945971 41
1520530855.903946638 149
1520530856.003949881 146
1520530856.103952885 161
1520530856.203956842 166
1520530856.303997993 143
1520530856.404000759 130
1520530856.504003763 113
1520530856.604007006 127
1520530856.704353094 50
1520530856.754354954 186
1520530856.904358864 161
1520530857.004363060 184
1520530857.104498625 162
1520530857.254502773 201
1520530857.404507637 232
1520530857.504649162 184
1520530857.654654264 250
1520530857.804659128 243
1520530858.004694939 269
1520530858.154700041 282
1520530858.254702806 339
1520530858.354578018 293
1520530858.454581022 367
1520530858.554583788 311
1520530858.654592037 307
1520530858.754607916 333
1520530858.854706764 337
1520530859.004615784 262
1520530859.154594898 264
1520530859.254597902 253
1520530859.354600906 262
1520530859.454603672 252
1520530859.554533005 200
1520530859.654536009 204
1520530859.704538107 239
1520530859.804542065 204
1520530859.904544115 237
1520530860.004869699 130
1520530860.154873610 242
1520530860.304878473 259
1520530860.355013609 294
1520530860.455060720 327
1520530860.555019617 291
1520530860.655023575 278
1520530860.754849911 193
1520530860.854852915 226
1520530860.954855919 267
1520530861.054858685 223
1520530861.204705715 112
1520530861.304708958 245
1520530861.404711962 202
1520530861.504714966 196
1520530861.604568005 75
1520530861.654568911 206
1520530861.754571915 180
1520530861.854575157 93
1520530861.904577017 96
1520530861.954577923 106
1520530862.004641056 89
1520530862.054642200 121
1520530862.204647064 82
1520530862.254649162 130
1520530862.404806614 71
1520530862.454808474 180
1520530862.654814720 143
1520530862.754817486 149
1520530862.804625988 84
1520530862.904628754 140
1520530863.004631758 118
1520530863.104634762 101
1520530863.204078913 22
1520530863.254079819 89
1520530863.354083776 94
1520530863.454085588 128
1520530863.554088593 103
1520530863.604090691 143
1520530863.653908968 54
1520530863.704003811 136
1520530863.753911734 133
1520530863.803914070 138
1520530863.903916836 110
1520530864.003919840 102
1520530864.054670811 347
1520530864.154673815 195
1520530864.204676151 289
1520530864.254677057 271
1520530864.304678917 276
1520530864.404681921 185
1520530864.455241680 100
1520530864.555244446 190
1520530864.605246782 210
1520530864.705250502 170
1520530864.805252552 164
1520530864.854247332 15
1520530864.904249668 185
1520530865.004252434 154
1520530865.054254532 165
1520530865.104255438 182
1520530865.154261589 176
1520530865.204258442 179
1520530865.253918886 13
1520530865.303959131 119
1520530865.353922844 136
1520530865.403923988 161
1520530865.453925848 157
1520530865.503926992 164
1520530865.553928852 142
1520530865.603929758 174
1520530865.653932095 180
1520530865.704600573 205
1520530865.754602671 260
1520530865.804604769 279
1520530865.854605675 228
1520530865.904607773 193
1520530865.954608679 157
1520530866.004610538 132
1520530866.054612637 125
1520530866.105678082 179
1520530866.155680180 132
1520530866.205681086 123
1520530866.255683422 114
1520530866.305685282 101
1520530866.355687141 140
1520530866.405688286 177
1520530866.455689192 195
1520530866.504818439 47
1520530866.554819345 123
1520530866.604821205 139
1520530866.654822350 129
1520530866.704824209 123
1520530866.754826307 119
1520530866.804827452 138
1520530866.854828358 147
1520530866.903951168 113
1520530866.953953266 84
1520530867.003954172 116
1520530867.053956032 87
1520530867.103957176 103
1520530867.153959274 93
1520530867.203960419 131
1520530867.253962278 129
1520530867.304045200 110
1520530867.354047298 142
1520530867.404049158 165
1520530867.504052162 175
1520530867.604055405 215
1520530867.705262184 125
1520530867.755264282 175
1520530867.805265188 259
1520530867.855267048 221
1520530867.905269146 200
1520530867.955270052 171
1520530868.005272150 163
1520530868.055273294 154
1520530868.105275154 147
1520530868.154267550 10
1520530868.204268456 141
1520530868.254269600 162
1520530868.304271698 178
1520530868.354272604 184
1520530868.404274702 203
1520530868.454276562 227
1520530868.504277468 192
1520530868.554019928 90
1520530868.603940964 77
1520530868.653942823 118
1520530868.703943729 118
1520530868.753945827 91
1520530868.803946733 70
1520530868.853948593 56
1520530868.903949738 53
1520530868.954710007 125
1520530869.004712105 95
1520530869.054713011 110
1520530869.104715109 100
1520530869.154716253 84
1520530869.204718113 78
1520530869.254719019 71
1520530869.304721117 87
1520530869.355246305 19
1520530869.405247211 63
1520530869.455249071 102
1520530869.505250216 135
1520530869.555252314 123
1520530869.605253220 145
1520530869.655255318 147
1520530869.705257177 143
1520530869.754108667 59
1520530869.804110527 53
1520530869.854111671 86
1520530869.954115629 124
1520530870.054117680 136
1520530870.153995752 84
1520530870.203977823 158
1520530870.253979683 143
1520530870.303980827 131
1520530870.353982687 117
1520530870.403983593 107
1520530870.453985691 105
1520530870.503986597 108
1520530870.604328632 38
1520530870.654329538 64
1520530870.704331636 195
1520530870.754332781 160
1520530870.804334641 155
1520530870.854335546 108
1520530870.904337645 111
1520530870.954338551 126
1520530871.005245209 189
1520530871.055247068 182
1520530871.155250072 218
1520530871.255253315 215
1520530871.305255175 172
1520530871.355257034 145
1520530871.404156685 65
1520530871.454157829 37
1520530871.504159689 68
1520530871.554161549 89
1520530871.604162931 107
1520530871.654163599 140
1520530871.704165936 196
1520530871.904377699 65
1520530871.954379559 94
1520530872.004380703 87
1520530872.054382563 71
1520530872.104383469 106
1520530872.154385567 142
1520530872.204461336 144
1520530872.254462242 200
1520530872.304464102 216
1520530872.404467106 199
1520530872.504470348 156
1520530872.554471254 164
1520530872.604473114 147
1520530872.654145956 37
1520530872.704148054 123
1520530872.804151058 101
1520530872.904153109 89
1520530872.954155922 135
1520530873.004157066 125
1520530873.054336071 54
1520530873.104337931 156
1520530873.154339075 131
1520530873.204340935 166
1520530873.254342079 183
1520530873.354346037 106
1520530873.454876423 78
1520530873.504877329 86
1520530873.554879189 193
1520530873.604880333 219
1520530873.654882193 201
1520530873.704883337 182
1520530873.754885435 201
1520530873.804887295 193
1520530873.854907036 181
1520530873.904909372 217
1520530873.954910278 191
1520530874.004912138 167
1520530874.054913282 168
1520530874.104915142 182
1520530874.154917002 180
1520530874.254431486 46
1520530874.304432392 154
1520530874.454437494 161
1520530874.554441452 169
1520530874.654208660 58
1520530874.704210758 143
1520530874.854215622 118
1520530875.054221869 107
1520530875.204337597 95
1520530875.454345703 122
